Rate	83.33
Tree Move	16.67
Rate Tried	% Accepted	Tree Move Tried	% Accepted	Rates - Dev	Rates - Tried	Rates - Accepted	Sample Ave Acceptance	Total Ave Acceptance	
820	0.297561	180	0.455556	3.797145	820	0.297561	0.326000	0.375966	
811	0.411837	189	0.164021	3.797145	811	0.411837	0.365000	0.375052	
800	0.321250	200	0.000000	4.989323	800	0.321250	0.257000	0.365972	
826	0.283293	174	0.327586	4.989323	826	0.283293	0.291000	0.360617	
851	0.279671	149	0.563758	4.989323	851	0.279671	0.322000	0.358043	
798	0.271930	202	0.396040	4.989323	798	0.271930	0.297000	0.354228	
824	0.341019	176	0.039773	4.989323	824	0.341019	0.288000	0.350332	
835	0.306587	165	0.090909	4.989323	835	0.306587	0.271000	0.345925	
819	0.344322	181	0.237569	4.989323	819	0.344322	0.325000	0.344824	
826	0.291768	174	0.413793	4.989323	826	0.291768	0.313000	0.343233	
845	0.275740	155	0.425806	4.989323	845	0.275740	0.299000	0.341127	
845	0.292308	155	0.212903	4.989323	845	0.292308	0.280000	0.338348	
820	0.303659	180	0.222222	4.989323	820	0.303659	0.289000	0.336203	
840	0.316667	160	0.000000	4.989323	840	0.316667	0.266000	0.333278	
842	0.332542	158	0.000000	4.989323	842	0.332542	0.280000	0.331147	
841	0.354340	159	0.006289	4.989323	841	0.354340	0.299000	0.329910	
841	0.277051	159	0.396226	4.989323	841	0.277051	0.296000	0.328654	
858	0.306527	142	0.316901	4.989323	858	0.306527	0.308000	0.327917	
834	0.261391	166	0.566265	4.989323	834	0.261391	0.312000	0.327368	
826	0.335351	174	0.206897	4.989323	826	0.335351	0.313000	0.326889	
832	0.286058	168	0.303571	4.989323	832	0.286058	0.289000	0.325667	
838	0.282816	162	0.154321	4.989323	838	0.282816	0.262000	0.323677	
837	0.328554	163	0.030675	4.989323	837	0.328554	0.280000	0.322354	
844	0.305687	156	0.147436	4.989323	844	0.305687	0.281000	0.321138	
823	0.290401	177	0.355932	4.989323	823	0.290401	0.302000	0.320591	
819	0.264957	181	0.270718	4.989323	819	0.264957	0.266000	0.319074	
837	0.248507	163	0.423313	4.989323	837	0.248507	0.277000	0.317937	
820	0.273171	180	0.350000	4.989323	820	0.273171	0.287000	0.317123	
838	0.282816	162	0.246914	4.989323	838	0.282816	0.277000	0.316094	
839	0.330155	161	0.099379	4.989323	839	0.330155	0.293000	0.315517	
841	0.312723	159	0.081761	4.989323	841	0.312723	0.276000	0.314553	
836	0.282297	164	0.292683	4.989323	836	0.282297	0.284000	0.313826	
846	0.329787	154	0.064935	4.989323	846	0.329787	0.289000	0.313249	
849	0.288575	151	0.331126	4.989323	849	0.288575	0.295000	0.312834	
856	0.268692	144	0.340278	4.989323	856	0.268692	0.279000	0.312082	
837	0.285544	163	0.398773	4.989323	837	0.285544	0.304000	0.311906	
856	0.338785	144	0.201389	4.989323	856	0.338785	0.319000	0.312057	
848	0.317217	152	0.164474	4.989323	848	0.317217	0.294000	0.311681	
828	0.324879	172	0.453488	4.989323	828	0.324879	0.347000	0.312402	
827	0.262394	173	0.445087	4.989323	827	0.262394	0.294000	0.312034	
821	0.306943	179	0.290503	4.989323	821	0.306943	0.304000	0.311876	
845	0.333728	155	0.012903	4.989323	845	0.333728	0.284000	0.311340	
853	0.289566	147	0.258503	4.989323	853	0.289566	0.285000	0.310843	
846	0.278960	154	0.383117	4.989323	846	0.278960	0.295000	0.310550	
808	0.280941	192	0.182292	4.989323	808	0.280941	0.262000	0.309667	
819	0.278388	181	0.414365	4.989323	819	0.278388	0.303000	0.309548	
831	0.294826	169	0.224852	4.989323	831	0.294826	0.283000	0.309082	
848	0.311321	152	0.118421	4.989323	848	0.311321	0.282000	0.308615	
797	0.332497	203	0.000000	4.989323	797	0.332497	0.265000	0.307876	
839	0.313468	161	0.155280	4.989323	839	0.313468	0.288000	0.307545	
825	0.259394	175	0.274286	4.989323	825	0.259394	0.262000	0.306798	
835	0.295808	165	0.387879	4.989323	835	0.295808	0.311000	0.306866	
823	0.320778	177	0.338983	4.989323	823	0.320778	0.324000	0.307138	
832	0.338942	168	0.017857	4.989323	832	0.338942	0.285000	0.306792	
826	0.319613	174	0.114943	4.989323	826	0.319613	0.284000	0.306441	
842	0.334917	158	0.018987	4.989323	842	0.334917	0.285000	0.306117	
843	0.344009	157	0.012739	4.989323	843	0.344009	0.292000	0.305906	
842	0.300475	158	0.000000	4.989323	842	0.300475	0.253000	0.305128	
826	0.328087	174	0.028736	4.989323	826	0.328087	0.276000	0.304706	
805	0.286957	195	0.000000	4.989323	805	0.286957	0.231000	0.303653	
819	0.343101	181	0.000000	4.989323	819	0.343101	0.281000	0.303334	
842	0.326603	158	0.164557	4.989323	842	0.326603	0.301000	0.303301	
837	0.303465	163	0.177914	4.989323	837	0.303465	0.283000	0.303023	
816	0.259804	184	0.336957	4.989323	816	0.259804	0.274000	0.302631	
812	0.355911	188	0.079787	4.989323	812	0.355911	0.304000	0.302649	
850	0.271765	150	0.260000	4.989323	850	0.271765	0.270000	0.302220	
854	0.274005	146	0.363014	4.989323	854	0.274005	0.287000	0.302022	
839	0.274136	161	0.298137	4.989323	839	0.274136	0.278000	0.301714	
848	0.323113	152	0.019737	4.989323	848	0.323113	0.277000	0.301401	
856	0.315421	144	0.000000	4.989323	856	0.315421	0.270000	0.301009	
845	0.306509	155	0.064516	4.989323	845	0.306509	0.269000	0.300614	
845	0.282840	155	0.238710	4.989323	845	0.282840	0.276000	0.300313	
846	0.280142	154	0.136364	4.989323	846	0.280142	0.258000	0.299804	
827	0.332527	173	0.127168	4.989323	827	0.332527	0.297000	0.299770	
830	0.274699	170	0.358824	4.989323	830	0.274699	0.289000	0.299644	
827	0.276904	173	0.462428	4.989323	827	0.276904	0.309000	0.299752	
822	0.301703	178	0.477528	4.989323	822	0.301703	0.333000	0.300134	
839	0.284863	161	0.391304	4.989323	839	0.284863	0.302000	0.300156	
826	0.268765	174	0.373563	4.989323	826	0.268765	0.287000	0.300008	
805	0.321739	195	0.174359	4.989323	805	0.321739	0.293000	0.299930	
825	0.334545	175	0.017143	4.989323	825	0.334545	0.279000	0.299700	
834	0.335731	166	0.000000	4.989323	834	0.335731	0.280000	0.299486	
844	0.280806	156	0.301282	4.989323	844	0.280806	0.284000	0.299319	
836	0.263158	164	0.329268	4.989323	836	0.263158	0.274000	0.299050	
828	0.332126	172	0.005814	4.989323	828	0.332126	0.276000	0.298807	
847	0.347107	153	0.098039	4.989323	847	0.347107	0.309000	0.298914	
831	0.312876	169	0.313609	4.989323	831	0.312876	0.313000	0.299059	
837	0.330944	163	0.018405	4.989323	837	0.330944	0.280000	0.298864	
815	0.295706	185	0.005405	4.989323	815	0.295706	0.242000	0.298290	
838	0.344869	162	0.000000	4.989323	838	0.344869	0.289000	0.298197	
837	0.314217	163	0.000000	4.989323	837	0.314217	0.263000	0.297849	
845	0.295858	155	0.000000	4.989323	845	0.295858	0.250000	0.297379	
808	0.310644	192	0.010417	4.989323	808	0.310644	0.253000	0.296949	
845	0.280473	155	0.187097	4.989323	845	0.280473	0.266000	0.296651	
836	0.314593	164	0.201220	4.989323	836	0.314593	0.296000	0.296645	
849	0.293286	151	0.304636	4.989323	849	0.293286	0.295000	0.296629	
824	0.282767	176	0.215909	4.989323	824	0.282767	0.271000	0.296390	
846	0.294326	154	0.240260	4.989323	846	0.294326	0.286000	0.296294	
841	0.296076	159	0.201258	4.989323	841	0.296076	0.281000	0.296153	
828	0.293478	172	0.313953	4.989323	828	0.293478	0.297000	0.296161	
823	0.289186	177	0.327684	4.989323	823	0.289186	0.296000	0.296159	
850	0.260000	150	0.273333	4.989323	850	0.260000	0.262000	0.295855	
831	0.339350	169	0.011834	4.989323	831	0.339350	0.284000	0.295750	
839	0.299166	161	0.118012	4.989323	839	0.299166	0.270000	0.295524	
843	0.293001	157	0.133758	4.989323	843	0.293001	0.268000	0.295284	
841	0.310345	159	0.238994	4.989323	841	0.310345	0.299000	0.295316	
828	0.342995	172	0.162791	4.989323	828	0.342995	0.312000	0.295459	
831	0.290012	169	0.378698	4.989323	831	0.290012	0.305000	0.295540	
807	0.287485	193	0.419689	4.989323	807	0.287485	0.313000	0.295687	
835	0.288623	165	0.309091	4.989323	835	0.288623	0.292000	0.295656	
858	0.294872	142	0.338028	4.989323	858	0.294872	0.301000	0.295700	
833	0.285714	167	0.425150	4.989323	833	0.285714	0.309000	0.295809	
854	0.268150	146	0.349315	4.989323	854	0.268150	0.280000	0.295681	
825	0.351515	175	0.062857	4.989323	825	0.351515	0.301000	0.295723	
842	0.270784	158	0.360759	4.989323	842	0.270784	0.285000	0.295638	
831	0.326113	169	0.136095	4.989323	831	0.326113	0.294000	0.295625	
838	0.273270	162	0.376543	4.989323	838	0.273270	0.290000	0.295580	
830	0.286747	170	0.370588	4.989323	830	0.286747	0.301000	0.295623	
840	0.307143	160	0.162500	4.989323	840	0.307143	0.284000	0.295533	
840	0.259524	160	0.443750	4.989323	840	0.259524	0.289000	0.295482	
858	0.271562	142	0.380282	4.989323	858	0.271562	0.287000	0.295418	
848	0.293632	152	0.434211	4.989323	848	0.293632	0.315000	0.295566	
800	0.280000	200	0.230000	4.989323	800	0.280000	0.270000	0.295374	
840	0.277381	160	0.131250	4.989323	840	0.277381	0.254000	0.295065	
827	0.304716	173	0.283237	4.989323	827	0.304716	0.301000	0.295109	
813	0.258303	187	0.406417	4.989323	813	0.258303	0.286000	0.295042	
836	0.319378	164	0.134146	4.989323	836	0.319378	0.289000	0.294998	
842	0.338480	158	0.120253	4.989323	842	0.338480	0.304000	0.295063	
842	0.318290	158	0.145570	4.989323	842	0.318290	0.291000	0.295034	
844	0.255924	156	0.282051	4.989323	844	0.255924	0.260000	0.294784	
815	0.333742	185	0.308108	4.989323	815	0.333742	0.329000	0.295026	
815	0.236810	185	0.464865	4.989323	815	0.236810	0.279000	0.294913	
842	0.266033	158	0.500000	4.989323	842	0.266033	0.303000	0.294970	
841	0.300832	159	0.257862	4.989323	841	0.300832	0.294000	0.294963	
824	0.309466	176	0.204545	4.989323	824	0.309466	0.291000	0.294936	
839	0.299166	161	0.186335	4.989323	839	0.299166	0.281000	0.294840	
815	0.328834	185	0.264865	4.989323	815	0.328834	0.317000	0.294991	
836	0.325359	164	0.073171	4.989323	836	0.325359	0.284000	0.294917	
821	0.291108	179	0.134078	4.989323	821	0.291108	0.263000	0.294703	
836	0.302632	164	0.115854	4.989323	836	0.302632	0.272000	0.294551	
813	0.286593	187	0.139037	4.989323	813	0.286593	0.259000	0.294316	
855	0.308772	145	0.206897	4.989323	855	0.308772	0.294000	0.294314	
824	0.254854	176	0.517045	4.989323	824	0.254854	0.301000	0.294358	
809	0.280593	191	0.272251	4.989323	809	0.280593	0.279000	0.294258	
826	0.301453	174	0.425287	4.989323	826	0.301453	0.323000	0.294443	
827	0.290206	173	0.294798	4.989323	827	0.290206	0.291000	0.294421	
850	0.332941	150	0.060000	4.989323	850	0.332941	0.292000	0.294406	
833	0.301321	167	0.209581	4.989323	833	0.301321	0.286000	0.294353	
836	0.318182	164	0.280488	4.989323	836	0.318182	0.312000	0.294464	
836	0.345694	164	0.000000	4.989323	836	0.345694	0.289000	0.294429	
837	0.326165	163	0.165644	4.989323	837	0.326165	0.300000	0.294464	
833	0.298920	167	0.191617	4.989323	833	0.298920	0.281000	0.294381	
852	0.280516	148	0.358108	4.989323	852	0.280516	0.292000	0.294366	
841	0.304400	159	0.176101	4.989323	841	0.304400	0.284000	0.294303	
841	0.305589	159	0.138365	4.989323	841	0.305589	0.279000	0.294210	
818	0.290954	182	0.225275	4.989323	818	0.290954	0.279000	0.294119	
820	0.292683	180	0.038889	4.989323	820	0.292683	0.247000	0.293837	
852	0.282864	148	0.324324	4.989323	852	0.282864	0.289000	0.293808	
838	0.311456	162	0.080247	4.989323	838	0.311456	0.274000	0.293691	
817	0.304774	183	0.071038	4.989323	817	0.304774	0.262000	0.293504	
827	0.334946	173	0.000000	4.989323	827	0.334946	0.277000	0.293408	
843	0.307236	157	0.159236	4.989323	843	0.307236	0.284000	0.293353	
840	0.286905	160	0.293750	4.989323	840	0.286905	0.288000	0.293322	
851	0.286722	149	0.302013	4.989323	851	0.286722	0.289000	0.293297	
822	0.259124	178	0.348315	4.989323	822	0.259124	0.275000	0.293193	
837	0.320191	163	0.214724	4.989323	837	0.320191	0.303000	0.293248	
854	0.324356	146	0.102740	4.989323	854	0.324356	0.292000	0.293241	
839	0.290822	161	0.279503	4.989323	839	0.290822	0.289000	0.293217	
849	0.283863	151	0.357616	4.989323	849	0.283863	0.295000	0.293227	
844	0.298578	156	0.339744	4.989323	844	0.298578	0.305000	0.293293	
810	0.301235	190	0.236842	4.989323	810	0.301235	0.289000	0.293269	
838	0.306683	162	0.000000	4.989323	838	0.306683	0.257000	0.293070	
846	0.309693	154	0.006494	4.989323	846	0.309693	0.263000	0.292906	
847	0.286895	153	0.254902	4.989323	847	0.286895	0.282000	0.292846	
840	0.251190	160	0.431250	4.989323	840	0.251190	0.280000	0.292777	
843	0.271649	157	0.337580	4.989323	843	0.271649	0.282000	0.292719	
834	0.375300	166	0.144578	4.989323	834	0.375300	0.337000	0.292956	
831	0.341757	169	0.082840	4.989323	831	0.341757	0.298000	0.292982	
842	0.315914	158	0.259494	4.989323	842	0.315914	0.307000	0.293057	
847	0.306966	153	0.006536	4.989323	847	0.306966	0.261000	0.292888	
830	0.312048	170	0.000000	4.989323	830	0.312048	0.259000	0.292711	
839	0.324195	161	0.062112	4.989323	839	0.324195	0.282000	0.292655	
836	0.255981	164	0.365854	4.989323	836	0.255981	0.274000	0.292558	
844	0.298578	156	0.205128	4.989323	844	0.298578	0.284000	0.292514	
826	0.302663	174	0.396552	4.989323	826	0.302663	0.319000	0.292650	
820	0.240244	180	0.450000	4.989323	820	0.240244	0.278000	0.292575	
818	0.278729	182	0.329670	4.989323	818	0.278729	0.288000	0.292552	
831	0.287605	169	0.207101	4.989323	831	0.287605	0.274000	0.292458	
842	0.371734	158	0.012658	4.989323	842	0.371734	0.315000	0.292571	
825	0.321212	175	0.005714	4.989323	825	0.321212	0.266000	0.292439	
832	0.311298	168	0.077381	4.989323	832	0.311298	0.272000	0.292337	
829	0.273824	171	0.321637	4.989323	829	0.273824	0.282000	0.292286	
820	0.278049	180	0.388889	4.989323	820	0.278049	0.298000	0.292314	
824	0.273058	176	0.414773	4.989323	824	0.273058	0.298000	0.292342	
844	0.266588	156	0.384615	4.989323	844	0.266588	0.285000	0.292306	
847	0.315230	153	0.150327	4.989323	847	0.315230	0.290000	0.292295	
851	0.327850	149	0.000000	4.989323	851	0.327850	0.279000	0.292230	
837	0.347670	163	0.006135	4.989323	837	0.347670	0.292000	0.292229	
844	0.332938	156	0.089744	4.989323	844	0.332938	0.295000	0.292243	
856	0.303738	144	0.201389	4.989323	856	0.303738	0.289000	0.292227	
866	0.302540	134	0.410448	4.989323	866	0.302540	0.317000	0.292345	
826	0.251816	174	0.436782	4.989323	826	0.251816	0.284000	0.292305	
827	0.293833	173	0.080925	4.989323	827	0.293833	0.257000	0.292139	
826	0.271186	174	0.344828	4.989323	826	0.271186	0.284000	0.292101	
870	0.309195	130	0.307692	4.989323	870	0.309195	0.309000	0.292180	
844	0.322275	156	0.320513	4.989323	844	0.322275	0.322000	0.292318	
820	0.257317	180	0.433333	4.989323	820	0.257317	0.289000	0.292303	
824	0.274272	176	0.363636	4.989323	824	0.274272	0.290000	0.292292	
837	0.271207	163	0.245399	4.989323	837	0.271207	0.267000	0.292177	
834	0.310552	166	0.301205	4.989323	834	0.310552	0.309000	0.292253	
825	0.329697	175	0.085714	4.989323	825	0.329697	0.287000	0.292229	
835	0.346108	165	0.175758	4.989323	835	0.346108	0.318000	0.292346	
815	0.300613	185	0.286486	4.989323	815	0.300613	0.298000	0.292371	
835	0.273054	165	0.303030	4.989323	835	0.273054	0.278000	0.292307	
820	0.289024	180	0.316667	4.989323	820	0.289024	0.294000	0.292314	
826	0.295400	174	0.201149	4.989323	826	0.295400	0.279000	0.292255	
822	0.276156	178	0.342697	4.989323	822	0.276156	0.288000	0.292237	
838	0.300716	162	0.172840	4.989323	838	0.300716	0.280000	0.292183	
813	0.291513	187	0.256684	4.989323	813	0.291513	0.285000	0.292152	
845	0.299408	155	0.167742	4.989323	845	0.299408	0.279000	0.292094	
817	0.271726	183	0.278689	4.989323	817	0.271726	0.273000	0.292012	
833	0.290516	167	0.371257	4.989323	833	0.290516	0.304000	0.292063	
830	0.275904	170	0.435294	4.989323	830	0.275904	0.303000	0.292110	
843	0.264531	157	0.452229	4.989323	843	0.264531	0.294000	0.292118	
848	0.310142	152	0.223684	4.989323	848	0.310142	0.297000	0.292139	
846	0.352246	154	0.110390	4.989323	846	0.352246	0.315000	0.292236	
837	0.281959	163	0.380368	4.989323	837	0.281959	0.298000	0.292260	
840	0.286905	160	0.106250	4.989323	840	0.286905	0.258000	0.292116	
845	0.320710	155	0.154839	4.989323	845	0.320710	0.295000	0.292128	
831	0.285199	169	0.177515	4.989323	831	0.285199	0.267000	0.292024	
800	0.351250	200	0.125000	4.989323	800	0.351250	0.306000	0.292082	
830	0.268675	170	0.329412	4.989323	830	0.268675	0.279000	0.292028	
846	0.280142	154	0.331169	4.989323	846	0.280142	0.288000	0.292011	
820	0.295122	180	0.272222	4.989323	820	0.295122	0.291000	0.292007	
830	0.263855	170	0.476471	4.989323	830	0.263855	0.300000	0.292040	
844	0.327014	156	0.057692	4.989323	844	0.327014	0.285000	0.292011	
843	0.308422	157	0.089172	4.989323	843	0.308422	0.274000	0.291938	
831	0.296029	169	0.307692	4.989323	831	0.296029	0.298000	0.291963	
825	0.327273	175	0.222857	4.989323	825	0.327273	0.309000	0.292031	
864	0.275463	136	0.345588	4.989323	864	0.275463	0.285000	0.292003	
814	0.283784	186	0.419355	4.989323	814	0.283784	0.309000	0.292071	
817	0.244798	183	0.262295	4.989323	817	0.244798	0.248000	0.291896	
839	0.313468	161	0.267081	4.989323	839	0.313468	0.306000	0.291951	
865	0.344509	135	0.133333	4.989323	865	0.344509	0.316000	0.292046	
855	0.280702	145	0.200000	4.989323	855	0.280702	0.269000	0.291956	
833	0.282113	167	0.401198	4.989323	833	0.282113	0.302000	0.291995	
849	0.295642	151	0.264901	4.989323	849	0.295642	0.291000	0.291991	
853	0.271981	147	0.387755	4.989323	853	0.271981	0.289000	0.291979	
853	0.289566	147	0.292517	4.989323	853	0.289566	0.290000	0.291972	
835	0.299401	165	0.363636	4.989323	835	0.299401	0.310000	0.292041	
848	0.262972	152	0.447368	4.989323	848	0.262972	0.291000	0.292037	
802	0.319202	198	0.277778	4.989323	802	0.319202	0.311000	0.292110	
849	0.314488	151	0.165563	4.989323	849	0.314488	0.292000	0.292109	
853	0.311841	147	0.306122	4.989323	853	0.311841	0.311000	0.292181	
859	0.295693	141	0.319149	4.989323	859	0.295693	0.299000	0.292206	
831	0.268351	169	0.372781	4.989323	831	0.268351	0.286000	0.292183	
834	0.297362	166	0.451807	4.989323	834	0.297362	0.323000	0.292299	
824	0.300971	176	0.204545	4.989323	824	0.300971	0.284000	0.292268	
843	0.284698	157	0.210191	4.989323	843	0.284698	0.273000	0.292196	
841	0.326992	159	0.044025	4.989323	841	0.326992	0.282000	0.292158	
841	0.336504	159	0.125786	4.989323	841	0.336504	0.303000	0.292198	
823	0.307412	177	0.163842	4.989323	823	0.307412	0.282000	0.292161	
842	0.260095	158	0.455696	4.989323	842	0.260095	0.291000	0.292156	
839	0.332539	161	0.018634	4.989323	839	0.332539	0.282000	0.292119	
806	0.299007	194	0.159794	4.989323	806	0.299007	0.272000	0.292046	
809	0.290482	191	0.465969	4.989323	809	0.290482	0.324000	0.292162	
837	0.305854	163	0.165644	4.989323	837	0.305854	0.283000	0.292129	
849	0.305065	151	0.006623	4.989323	849	0.305065	0.260000	0.292013	
856	0.356308	144	0.000000	4.989323	856	0.356308	0.305000	0.292060	
838	0.298329	162	0.283951	4.989323	838	0.298329	0.296000	0.292074	
835	0.279042	165	0.393939	4.989323	835	0.279042	0.298000	0.292095	
850	0.252941	150	0.293333	4.989323	850	0.252941	0.259000	0.291978	
830	0.255422	170	0.441176	4.989323	830	0.255422	0.287000	0.291960	
820	0.295122	180	0.116667	4.989323	820	0.295122	0.263000	0.291858	
823	0.324423	177	0.000000	4.989323	823	0.324423	0.267000	0.291771	
843	0.277580	157	0.000000	4.989323	843	0.277580	0.234000	0.291569	
832	0.312500	168	0.000000	4.989323	832	0.312500	0.260000	0.291459	
835	0.307784	165	0.018182	4.989323	835	0.307784	0.260000	0.291350	
840	0.291667	160	0.206250	4.989323	840	0.291667	0.278000	0.291303	
814	0.330467	186	0.096774	4.989323	814	0.330467	0.287000	0.291289	
823	0.309842	177	0.271186	4.989323	823	0.309842	0.303000	0.291329	
833	0.280912	167	0.329341	4.989323	833	0.280912	0.289000	0.291321	
838	0.359189	162	0.006173	4.989323	838	0.359189	0.302000	0.291357	
837	0.345281	163	0.000000	4.989323	837	0.345281	0.289000	0.291349	
824	0.324029	176	0.000000	4.989323	824	0.324029	0.267000	0.291267	
806	0.321340	194	0.185567	4.989323	806	0.321340	0.295000	0.291279	
857	0.317386	143	0.027972	4.989323	857	0.317386	0.276000	0.291228	
825	0.270303	175	0.331429	4.989323	825	0.270303	0.281000	0.291194	
849	0.282686	151	0.245033	4.989323	849	0.282686	0.277000	0.291146	
831	0.329723	169	0.284024	4.989323	831	0.329723	0.322000	0.291249	
837	0.291517	163	0.055215	4.989323	837	0.291517	0.253000	0.291122	
828	0.352657	172	0.000000	4.989323	828	0.352657	0.292000	0.291125	
850	0.345882	150	0.006667	4.989323	850	0.345882	0.295000	0.291138	
848	0.283019	152	0.289474	4.989323	848	0.283019	0.284000	0.291114	
855	0.265497	145	0.441379	4.989323	855	0.265497	0.291000	0.291114	
841	0.273484	159	0.408805	4.989323	841	0.273484	0.295000	0.291126	
832	0.344952	168	0.053571	4.989323	832	0.344952	0.296000	0.291142	
842	0.266033	158	0.316456	4.989323	842	0.266033	0.274000	0.291087	
833	0.321729	167	0.113772	4.989323	833	0.321729	0.287000	0.291073	
840	0.334524	160	0.168750	4.989323	840	0.334524	0.308000	0.291128	
844	0.325829	156	0.000000	4.989323	844	0.325829	0.275000	0.291076	
827	0.320435	173	0.011561	4.989323	827	0.320435	0.267000	0.290999	
810	0.318519	190	0.236842	4.989323	810	0.318519	0.303000	0.291037	
817	0.332925	183	0.125683	4.989323	817	0.332925	0.295000	0.291050	
834	0.353717	166	0.006024	4.989323	834	0.353717	0.296000	0.291066	
824	0.308252	176	0.261364	4.989323	824	0.308252	0.300000	0.291094	
841	0.303210	159	0.264151	4.989323	841	0.303210	0.297000	0.291113	
793	0.303909	207	0.183575	4.989323	793	0.303909	0.279000	0.291075	
836	0.273923	164	0.365854	4.989323	836	0.273923	0.289000	0.291068	
862	0.242459	138	0.471014	4.989323	862	0.242459	0.274000	0.291015	
823	0.289186	177	0.508475	4.989323	823	0.289186	0.328000	0.291130	
842	0.243468	158	0.455696	4.989323	842	0.243468	0.277000	0.291086	
834	0.264988	166	0.102410	4.989323	834	0.264988	0.238000	0.290922	
840	0.317857	160	0.006250	4.989323	840	0.317857	0.268000	0.290851	
811	0.300863	189	0.216931	4.989323	811	0.300863	0.285000	0.290833	
840	0.348810	160	0.000000	4.989323	840	0.348810	0.293000	0.290840	
841	0.341260	159	0.000000	4.989323	841	0.341260	0.287000	0.290828	
805	0.335404	195	0.061538	4.989323	805	0.335404	0.282000	0.290801	
845	0.320710	155	0.400000	4.989323	845	0.320710	0.333000	0.290929	
845	0.294675	155	0.400000	4.989323	845	0.294675	0.311000	0.290990	
835	0.265868	165	0.393939	4.989323	835	0.265868	0.287000	0.290978	
839	0.293206	161	0.236025	4.989323	839	0.293206	0.284000	0.290957	
818	0.243276	182	0.494505	4.989323	818	0.243276	0.289000	0.290951	
829	0.294331	171	0.479532	4.989323	829	0.294331	0.326000	0.291056	
818	0.278729	182	0.351648	4.989323	818	0.278729	0.292000	0.291059	
828	0.304348	172	0.023256	4.989323	828	0.304348	0.256000	0.290954	
829	0.291918	171	0.000000	4.989323	829	0.291918	0.242000	0.290809	
821	0.341048	179	0.000000	4.989323	821	0.341048	0.280000	0.290777	
836	0.316986	164	0.000000	4.989323	836	0.316986	0.265000	0.290701	
837	0.310633	163	0.202454	4.989323	837	0.310633	0.293000	0.290708	
807	0.313507	193	0.170984	4.989323	807	0.313507	0.286000	0.290694	
822	0.278589	178	0.185393	4.989323	822	0.278589	0.262000	0.290610	
832	0.241587	168	0.476190	4.989323	832	0.241587	0.281000	0.290582	
843	0.298932	157	0.382166	4.989323	843	0.298932	0.312000	0.290645	
827	0.290206	173	0.190751	4.989323	827	0.290206	0.273000	0.290593	
816	0.229167	184	0.467391	4.989323	816	0.229167	0.273000	0.290543	
853	0.286049	147	0.380952	4.989323	853	0.286049	0.300000	0.290570	
847	0.296340	153	0.248366	4.989323	847	0.296340	0.289000	0.290565	
836	0.321770	164	0.304878	4.989323	836	0.321770	0.319000	0.290647	
854	0.319672	146	0.068493	4.989323	854	0.319672	0.283000	0.290625	
840	0.345238	160	0.043750	4.989323	840	0.345238	0.297000	0.290643	
838	0.319809	162	0.104938	4.989323	838	0.319809	0.285000	0.290627	
839	0.339690	161	0.000000	4.989323	839	0.339690	0.285000	0.290611	
831	0.282792	169	0.254438	4.989323	831	0.282792	0.278000	0.290575	
824	0.341019	176	0.181818	4.989323	824	0.341019	0.313000	0.290639	
855	0.327485	145	0.027586	4.989323	855	0.327485	0.284000	0.290620	
831	0.287605	169	0.207101	4.989323	831	0.287605	0.274000	0.290573	
823	0.298906	177	0.333333	4.989323	823	0.298906	0.305000	0.290614	
834	0.293765	166	0.391566	4.989323	834	0.293765	0.310000	0.290668	
832	0.312500	168	0.005952	4.989323	832	0.312500	0.261000	0.290585	
826	0.325666	174	0.000000	4.989323	826	0.325666	0.269000	0.290526	
841	0.309156	159	0.295597	4.989323	841	0.309156	0.307000	0.290571	
835	0.312575	165	0.006061	4.989323	835	0.312575	0.262000	0.290492	
831	0.346570	169	0.118343	4.989323	831	0.346570	0.308000	0.290540	
817	0.276622	183	0.387978	4.989323	817	0.276622	0.297000	0.290558	
823	0.341434	177	0.000000	4.989323	823	0.341434	0.281000	0.290532	
835	0.293413	165	0.084848	4.989323	835	0.293413	0.259000	0.290446	
829	0.290712	171	0.286550	4.989323	829	0.290712	0.290000	0.290445	
816	0.329657	184	0.005435	4.989323	816	0.329657	0.270000	0.290389	
824	0.304612	176	0.125000	4.989323	824	0.304612	0.273000	0.290342	
832	0.314904	168	0.154762	4.989323	832	0.314904	0.288000	0.290336	
842	0.300475	158	0.240506	4.989323	842	0.300475	0.291000	0.290338	
828	0.277778	172	0.244186	4.989323	828	0.277778	0.272000	0.290289	
828	0.324879	172	0.244186	4.989323	828	0.324879	0.311000	0.290344	
842	0.358670	158	0.037975	4.989323	842	0.358670	0.308000	0.290391	
850	0.288235	150	0.180000	4.989323	850	0.288235	0.272000	0.290342	
836	0.269139	164	0.396341	4.989323	836	0.269139	0.290000	0.290341	
839	0.278903	161	0.354037	4.989323	839	0.278903	0.291000	0.290343	
850	0.316471	150	0.240000	4.989323	850	0.316471	0.305000	0.290382	
820	0.286585	180	0.366667	4.989323	820	0.286585	0.301000	0.290410	
812	0.283251	188	0.175532	4.989323	812	0.283251	0.263000	0.290338	
844	0.276066	156	0.403846	4.989323	844	0.276066	0.296000	0.290353	
842	0.286223	158	0.386076	4.989323	842	0.286223	0.302000	0.290383	
845	0.293491	155	0.341935	4.989323	845	0.293491	0.301000	0.290411	
843	0.301305	157	0.254777	4.989323	843	0.301305	0.294000	0.290420	
821	0.265530	179	0.480447	4.989323	821	0.265530	0.304000	0.290455	
822	0.287105	178	0.365169	4.989323	822	0.287105	0.301000	0.290482	
837	0.292712	163	0.349693	4.989323	837	0.292712	0.302000	0.290512	
817	0.272950	183	0.114754	4.989323	817	0.272950	0.244000	0.290393	
850	0.238824	150	0.186667	4.989323	850	0.238824	0.231000	0.290240	
844	0.287915	156	0.314103	4.989323	844	0.287915	0.292000	0.290245	
824	0.342233	176	0.051136	4.989323	824	0.342233	0.291000	0.290247	
868	0.331797	132	0.098485	4.989323	868	0.331797	0.301000	0.290274	
825	0.306667	175	0.262857	4.989323	825	0.306667	0.299000	0.290296	
827	0.287787	173	0.277457	4.989323	827	0.287787	0.286000	0.290285	
822	0.310219	178	0.101124	4.989323	822	0.310219	0.273000	0.290242	
827	0.269649	173	0.202312	4.989323	827	0.269649	0.258000	0.290160	
821	0.325213	179	0.050279	4.989323	821	0.325213	0.276000	0.290125	
834	0.357314	166	0.006024	4.989323	834	0.357314	0.299000	0.290147	
842	0.344418	158	0.000000	4.989323	842	0.344418	0.290000	0.290147	
845	0.285207	155	0.212903	4.989323	845	0.285207	0.274000	0.290107	
831	0.268351	169	0.360947	4.989323	831	0.268351	0.284000	0.290091	
841	0.281807	159	0.314465	4.989323	841	0.281807	0.287000	0.290084	
826	0.276029	174	0.298851	4.989323	826	0.276029	0.280000	0.290059	
836	0.259569	164	0.134146	4.989323	836	0.259569	0.239000	0.289933	
849	0.330978	151	0.192053	4.989323	849	0.330978	0.310000	0.289982	
853	0.264947	147	0.265306	4.989323	853	0.264947	0.265000	0.289921	
831	0.290012	169	0.360947	4.989323	831	0.290012	0.302000	0.289950	
829	0.307600	171	0.345029	4.989323	829	0.307600	0.314000	0.290009	
838	0.266110	162	0.339506	4.989323	838	0.266110	0.278000	0.289980	
828	0.269324	172	0.308140	4.989323	828	0.269324	0.276000	0.289946	
824	0.344660	176	0.000000	4.989323	824	0.344660	0.284000	0.289931	
822	0.333333	178	0.005618	4.989323	822	0.333333	0.275000	0.289895	
832	0.302885	168	0.208333	4.989323	832	0.302885	0.287000	0.289888	
810	0.281481	190	0.336842	4.989323	810	0.281481	0.292000	0.289893	
822	0.339416	178	0.185393	4.989323	822	0.339416	0.312000	0.289946	
832	0.346154	168	0.005952	4.989323	832	0.346154	0.289000	0.289944	
836	0.305024	164	0.018293	4.989323	836	0.305024	0.258000	0.289868	
845	0.256805	155	0.374194	4.989323	845	0.256805	0.275000	0.289832	
844	0.283175	156	0.467949	4.989323	844	0.283175	0.312000	0.289885	
839	0.274136	161	0.459627	4.989323	839	0.274136	0.304000	0.289919	
848	0.318396	152	0.328947	4.989323	848	0.318396	0.320000	0.289990	
835	0.287425	165	0.278788	4.989323	835	0.287425	0.286000	0.289980	
804	0.283582	196	0.372449	4.989323	804	0.283582	0.301000	0.290006	
836	0.272727	164	0.432927	4.989323	836	0.272727	0.299000	0.290028	
849	0.302709	151	0.258278	4.989323	849	0.302709	0.296000	0.290042	
811	0.287300	189	0.158730	4.989323	811	0.287300	0.263000	0.289978	
799	0.297872	201	0.218905	4.989323	799	0.297872	0.282000	0.289960	
836	0.312201	164	0.201220	4.989323	836	0.312201	0.294000	0.289969	
830	0.319277	170	0.217647	4.989323	830	0.319277	0.302000	0.289997	
833	0.319328	167	0.227545	4.989323	833	0.319328	0.304000	0.290029	
841	0.287753	159	0.383648	4.989323	841	0.287753	0.303000	0.290060	
864	0.281250	136	0.426471	4.989323	864	0.281250	0.301000	0.290085	
840	0.264286	160	0.350000	4.989323	840	0.264286	0.278000	0.290057	
821	0.294762	179	0.256983	4.989323	821	0.294762	0.288000	0.290052	
841	0.321046	159	0.119497	4.989323	841	0.321046	0.289000	0.290050	
842	0.287411	158	0.335443	4.989323	842	0.287411	0.295000	0.290061	
843	0.260973	157	0.388535	4.989323	843	0.260973	0.281000	0.290040	
838	0.273270	162	0.493827	4.989323	838	0.273270	0.309000	0.290084	
849	0.257951	151	0.331126	4.989323	849	0.257951	0.269000	0.290036	
817	0.271726	183	0.278689	4.989323	817	0.271726	0.273000	0.289997	
838	0.306683	162	0.228395	4.989323	838	0.306683	0.294000	0.290006	
840	0.326190	160	0.143750	4.989323	840	0.326190	0.297000	0.290022	
845	0.321893	155	0.019355	4.989323	845	0.321893	0.275000	0.289988	
841	0.288942	159	0.389937	4.989323	841	0.288942	0.305000	0.290022	
864	0.290509	136	0.382353	4.989323	864	0.290509	0.303000	0.290051	
828	0.293478	172	0.383721	4.989323	828	0.293478	0.309000	0.290093	
819	0.295482	181	0.342541	4.989323	819	0.295482	0.304000	0.290124	
825	0.263030	175	0.331429	4.989323	825	0.263030	0.275000	0.290091	
837	0.292712	163	0.331288	4.989323	837	0.292712	0.299000	0.290110	
840	0.351190	160	0.050000	4.989323	840	0.351190	0.303000	0.290139	
841	0.290131	159	0.396226	4.989323	841	0.290131	0.307000	0.290176	
818	0.262836	182	0.500000	4.989323	818	0.262836	0.306000	0.290211	
825	0.271515	175	0.382857	4.989323	825	0.271515	0.291000	0.290213	
823	0.296476	177	0.401130	4.989323	823	0.296476	0.315000	0.290267	
830	0.290361	170	0.294118	4.989323	830	0.290361	0.291000	0.290269	
834	0.287770	166	0.307229	4.989323	834	0.287770	0.291000	0.290271	
847	0.296340	153	0.287582	4.989323	847	0.296340	0.295000	0.290281	
816	0.296569	184	0.228261	4.989323	816	0.296569	0.284000	0.290267	
829	0.282268	171	0.233918	4.989323	829	0.282268	0.274000	0.290232	
817	0.261934	183	0.191257	4.989323	817	0.261934	0.249000	0.290143	
834	0.340528	166	0.006024	4.989323	834	0.340528	0.285000	0.290131	
833	0.294118	167	0.311377	4.989323	833	0.294118	0.297000	0.290146	
834	0.322542	166	0.066265	4.989323	834	0.322542	0.280000	0.290124	
844	0.291469	156	0.314103	4.989323	844	0.291469	0.295000	0.290135	
821	0.237515	179	0.363128	4.989323	821	0.237515	0.260000	0.290070	
838	0.289976	162	0.061728	4.989323	838	0.289976	0.253000	0.289991	
839	0.331347	161	0.173913	4.989323	839	0.331347	0.306000	0.290025	
844	0.347156	156	0.217949	4.989323	844	0.347156	0.327000	0.290104	
828	0.277778	172	0.401163	4.989323	828	0.277778	0.299000	0.290123	
839	0.276520	161	0.422360	4.989323	839	0.276520	0.300000	0.290144	
839	0.301549	161	0.192547	4.989323	839	0.301549	0.284000	0.290131	
845	0.314793	155	0.258065	4.989323	845	0.314793	0.306000	0.290164	
845	0.272189	155	0.425806	4.989323	845	0.272189	0.296000	0.290177	
870	0.336782	130	0.061538	4.989323	870	0.336782	0.301000	0.290199	
846	0.329787	154	0.000000	4.989323	846	0.329787	0.279000	0.290176	
844	0.342417	156	0.000000	4.989323	844	0.342417	0.289000	0.290173	
822	0.343066	178	0.016854	4.989323	822	0.343066	0.285000	0.290163	
825	0.258182	175	0.434286	4.989323	825	0.258182	0.289000	0.290160	
828	0.263285	172	0.302326	4.989323	828	0.263285	0.270000	0.290118	
836	0.336124	164	0.268293	4.989323	836	0.336124	0.325000	0.290191	
854	0.334895	146	0.041096	4.989323	854	0.334895	0.292000	0.290194	
810	0.316049	190	0.010526	4.989323	810	0.316049	0.258000	0.290128	
850	0.336471	150	0.000000	4.989323	850	0.336471	0.286000	0.290119	
825	0.312727	175	0.194286	4.989323	825	0.312727	0.292000	0.290123	
833	0.289316	167	0.377246	4.989323	833	0.289316	0.304000	0.290152	
817	0.314565	183	0.174863	4.989323	817	0.314565	0.289000	0.290149	
830	0.279518	170	0.347059	4.989323	830	0.279518	0.291000	0.290151	
824	0.302184	176	0.125000	4.989323	824	0.302184	0.271000	0.290112	
843	0.276394	157	0.337580	4.989323	843	0.276394	0.286000	0.290103	
834	0.280576	166	0.445783	4.989323	834	0.280576	0.308000	0.290140	
837	0.281959	163	0.361963	4.989323	837	0.281959	0.295000	0.290150	
832	0.248798	168	0.321429	4.989323	832	0.248798	0.261000	0.290091	
849	0.300353	151	0.311258	4.989323	849	0.300353	0.302000	0.290115	
850	0.303529	150	0.426667	4.989323	850	0.303529	0.322000	0.290179	
833	0.309724	167	0.287425	4.989323	833	0.309724	0.306000	0.290211	
829	0.328106	171	0.210526	4.989323	829	0.328106	0.308000	0.290247	
820	0.287805	180	0.311111	4.989323	820	0.287805	0.292000	0.290250	
831	0.303249	169	0.159763	4.989323	831	0.303249	0.279000	0.290228	
821	0.347138	179	0.156425	4.989323	821	0.347138	0.313000	0.290273	
822	0.274939	178	0.235955	4.989323	822	0.274939	0.268000	0.290229	
838	0.316229	162	0.246914	4.989323	838	0.316229	0.305000	0.290258	
835	0.323353	165	0.345455	4.989323	835	0.323353	0.327000	0.290331	
852	0.242958	148	0.506757	4.989323	852	0.242958	0.282000	0.290315	
810	0.253086	190	0.473684	4.989323	810	0.253086	0.295000	0.290324	
836	0.297847	164	0.439024	4.989323	836	0.297847	0.321000	0.290385	
840	0.278571	160	0.356250	4.989323	840	0.278571	0.291000	0.290386	
832	0.268029	168	0.250000	4.989323	832	0.268029	0.265000	0.290336	
840	0.285714	160	0.318750	4.989323	840	0.285714	0.291000	0.290337	
827	0.298670	173	0.121387	4.989323	827	0.298670	0.268000	0.290294	
835	0.336527	165	0.121212	4.989323	835	0.336527	0.301000	0.290315	
839	0.311085	161	0.186335	4.989323	839	0.311085	0.291000	0.290316	
848	0.300708	152	0.210526	4.989323	848	0.300708	0.287000	0.290309	
837	0.261649	163	0.447853	4.989323	837	0.261649	0.292000	0.290313	
834	0.254197	166	0.409639	4.989323	834	0.254197	0.280000	0.290293	
838	0.272076	162	0.419753	4.989323	838	0.272076	0.296000	0.290304	
842	0.328979	158	0.170886	4.989323	842	0.328979	0.304000	0.290330	
834	0.305755	166	0.000000	4.989323	834	0.305755	0.255000	0.290262	
830	0.327711	170	0.000000	4.989323	830	0.327711	0.272000	0.290227	
840	0.322619	160	0.000000	4.989323	840	0.322619	0.271000	0.290190	
813	0.337023	187	0.000000	4.989323	813	0.337023	0.274000	0.290159	
819	0.280830	181	0.099448	4.989323	819	0.280830	0.248000	0.290078	
815	0.284663	185	0.351351	4.989323	815	0.284663	0.297000	0.290091	
810	0.290123	190	0.305263	4.989323	810	0.290123	0.293000	0.290097	
844	0.280806	156	0.275641	4.989323	844	0.280806	0.280000	0.290078	
834	0.287770	166	0.234940	4.989323	834	0.287770	0.279000	0.290056	
818	0.283619	182	0.351648	4.989323	818	0.283619	0.296000	0.290068	
828	0.278986	172	0.331395	4.989323	828	0.278986	0.288000	0.290064	
848	0.280660	152	0.434211	4.989323	848	0.280660	0.304000	0.290090	
817	0.277846	183	0.431694	4.989323	817	0.277846	0.306000	0.290120	
828	0.294686	172	0.325581	4.989323	828	0.294686	0.300000	0.290139	
831	0.277978	169	0.236686	4.989323	831	0.277978	0.271000	0.290103	
822	0.282238	178	0.258427	4.989323	822	0.282238	0.278000	0.290080	
861	0.293844	139	0.258993	4.989323	861	0.293844	0.289000	0.290078	
846	0.334515	154	0.350649	4.989323	846	0.334515	0.337000	0.290166	
829	0.317250	171	0.081871	4.989323	829	0.317250	0.277000	0.290141	
843	0.290629	157	0.254777	4.989323	843	0.290629	0.285000	0.290132	
838	0.310263	162	0.179012	4.989323	838	0.310263	0.289000	0.290130	
825	0.286061	175	0.074286	4.989323	825	0.286061	0.249000	0.290053	
835	0.277844	165	0.339394	4.989323	835	0.277844	0.288000	0.290049	
822	0.321168	178	0.056180	4.989323	822	0.321168	0.274000	0.290020	
823	0.291616	177	0.175141	4.989323	823	0.291616	0.271000	0.289985	
813	0.279213	187	0.304813	4.989323	813	0.279213	0.284000	0.289974	
819	0.247863	181	0.309392	4.989323	819	0.247863	0.259000	0.289917	
841	0.302021	159	0.402516	4.989323	841	0.302021	0.318000	0.289968	
821	0.300853	179	0.407821	4.989323	821	0.300853	0.320000	0.290023	
821	0.263094	179	0.284916	4.989323	821	0.263094	0.267000	0.289981	
822	0.346715	178	0.000000	4.989323	822	0.346715	0.285000	0.289972	
859	0.329453	141	0.127660	4.989323	859	0.329453	0.301000	0.289992	
837	0.327360	163	0.073620	4.989323	837	0.327360	0.286000	0.289985	
839	0.271752	161	0.416149	4.989323	839	0.271752	0.295000	0.289994	
827	0.263603	173	0.277457	4.989323	827	0.263603	0.266000	0.289951	
827	0.290206	173	0.352601	4.989323	827	0.290206	0.301000	0.289971	
811	0.286067	189	0.306878	4.989323	811	0.286067	0.290000	0.289971	
825	0.290909	175	0.165714	4.989323	825	0.290909	0.269000	0.289933	
845	0.291124	155	0.232258	4.989323	845	0.291124	0.282000	0.289919	
832	0.305288	168	0.250000	4.989323	832	0.305288	0.296000	0.289929	
836	0.312201	164	0.225610	4.989323	836	0.312201	0.298000	0.289944	
810	0.349383	190	0.021053	4.989323	810	0.349383	0.287000	0.289939	
825	0.295758	175	0.217143	4.989323	825	0.295758	0.282000	0.289924	
830	0.308434	170	0.294118	4.989323	830	0.308434	0.306000	0.289953	
822	0.299270	178	0.292135	4.989323	822	0.299270	0.298000	0.289967	
829	0.295537	171	0.222222	4.989323	829	0.295537	0.283000	0.289955	
845	0.331361	155	0.096774	4.989323	845	0.331361	0.295000	0.289964	
842	0.295724	158	0.215190	4.989323	842	0.295724	0.283000	0.289952	
826	0.319613	174	0.068966	4.989323	826	0.319613	0.276000	0.289927	
831	0.286402	169	0.177515	4.989323	831	0.286402	0.268000	0.289888	
830	0.259036	170	0.323529	4.989323	830	0.259036	0.270000	0.289853	
855	0.273684	145	0.331034	4.989323	855	0.273684	0.282000	0.289840	
851	0.279671	149	0.409396	4.989323	851	0.279671	0.299000	0.289856	
839	0.243147	161	0.422360	4.989323	839	0.243147	0.272000	0.289824	
832	0.289663	168	0.273810	4.989323	832	0.289663	0.287000	0.289819	
816	0.327206	184	0.179348	4.989323	816	0.327206	0.300000	0.289837	
824	0.334951	176	0.000000	4.989323	824	0.334951	0.276000	0.289813	
840	0.313095	160	0.112500	4.989323	840	0.313095	0.281000	0.289798	
846	0.316785	154	0.279221	4.989323	846	0.316785	0.311000	0.289835	
832	0.323317	168	0.273810	4.989323	832	0.323317	0.315000	0.289878	
850	0.344706	150	0.093333	4.989323	850	0.344706	0.307000	0.289908	
832	0.304087	168	0.178571	4.989323	832	0.304087	0.283000	0.289896	
815	0.319018	185	0.108108	4.989323	815	0.319018	0.280000	0.289879	
824	0.303398	176	0.255682	4.989323	824	0.303398	0.295000	0.289888	
823	0.284326	177	0.372881	4.989323	823	0.284326	0.300000	0.289905	
828	0.293478	172	0.284884	4.989323	828	0.293478	0.292000	0.289909	
833	0.279712	167	0.359281	4.989323	833	0.279712	0.293000	0.289914	
834	0.278177	166	0.409639	4.989323	834	0.278177	0.300000	0.289931	
841	0.302021	159	0.283019	4.989323	841	0.302021	0.299000	0.289947	
823	0.292831	177	0.242938	4.989323	823	0.292831	0.284000	0.289936	
835	0.262275	165	0.303030	4.989323	835	0.262275	0.269000	0.289901	
848	0.290094	152	0.328947	4.989323	848	0.290094	0.296000	0.289911	
844	0.290284	156	0.288462	4.989323	844	0.290284	0.290000	0.289911	
835	0.338922	165	0.000000	4.989323	835	0.338922	0.283000	0.289900	
829	0.336550	171	0.000000	4.989323	829	0.336550	0.279000	0.289881	
844	0.344787	156	0.006410	4.989323	844	0.344787	0.292000	0.289885	
835	0.326946	165	0.000000	4.989323	835	0.326946	0.273000	0.289856	
863	0.375435	137	0.000000	4.989323	863	0.375435	0.324000	0.289914	
828	0.345411	172	0.052326	4.989323	828	0.345411	0.295000	0.289922	
850	0.331765	150	0.000000	4.989323	850	0.331765	0.282000	0.289909	
843	0.321471	157	0.000000	4.989323	843	0.321471	0.271000	0.289877	
811	0.311961	189	0.095238	4.989323	811	0.311961	0.271000	0.289846	
824	0.268204	176	0.272727	4.989323	824	0.268204	0.269000	0.289811	
822	0.313869	178	0.185393	4.989323	822	0.313869	0.291000	0.289813	
843	0.293001	157	0.210191	4.989323	843	0.293001	0.280000	0.289797	
842	0.268409	158	0.405063	4.989323	842	0.268409	0.290000	0.289797	
824	0.309466	176	0.255682	4.989323	824	0.309466	0.300000	0.289814	
843	0.321471	157	0.171975	4.989323	843	0.321471	0.298000	0.289828	
839	0.334923	161	0.012422	4.989323	839	0.334923	0.283000	0.289816	
846	0.330969	154	0.025974	4.989323	846	0.330969	0.284000	0.289807	
835	0.276647	165	0.381818	4.989323	835	0.276647	0.294000	0.289814	
836	0.238038	164	0.365854	4.989323	836	0.238038	0.259000	0.289763	
835	0.275449	165	0.315152	4.989323	835	0.275449	0.282000	0.289750	
825	0.278788	175	0.428571	4.989323	825	0.278788	0.305000	0.289775	
834	0.327338	166	0.204819	4.989323	834	0.327338	0.307000	0.289803	
825	0.281212	175	0.240000	4.989323	825	0.281212	0.274000	0.289778	
855	0.256140	145	0.413793	4.989323	855	0.256140	0.279000	0.289760	
847	0.315230	153	0.150327	4.989323	847	0.315230	0.290000	0.289761	
818	0.339853	182	0.000000	4.989323	818	0.339853	0.278000	0.289741	
825	0.350303	175	0.000000	4.989323	825	0.350303	0.289000	0.289740	
845	0.289941	155	0.283871	4.989323	845	0.289941	0.289000	0.289739	
836	0.277512	164	0.310976	4.989323	836	0.277512	0.283000	0.289728	
837	0.261649	163	0.343558	4.989323	837	0.261649	0.275000	0.289704	
843	0.300119	157	0.070064	4.989323	843	0.300119	0.264000	0.289663	
835	0.301796	165	0.278788	4.989323	835	0.301796	0.298000	0.289676	
832	0.318510	168	0.023810	4.989323	832	0.318510	0.269000	0.289643	
846	0.333333	154	0.012987	4.989323	846	0.333333	0.284000	0.289634	
849	0.320377	151	0.013245	4.989323	849	0.320377	0.274000	0.289609	
846	0.304965	154	0.370130	4.989323	846	0.304965	0.315000	0.289650	
852	0.325117	148	0.000000	4.989323	852	0.325117	0.277000	0.289630	
839	0.269368	161	0.242236	4.989323	839	0.269368	0.265000	0.289590	
833	0.316927	167	0.323353	4.989323	833	0.316927	0.318000	0.289635	
832	0.343750	168	0.071429	4.989323	832	0.343750	0.298000	0.289649	
841	0.300832	159	0.213836	4.989323	841	0.300832	0.287000	0.289645	
849	0.285041	151	0.384106	4.989323	849	0.285041	0.300000	0.289661	
821	0.345920	179	0.061453	4.989323	821	0.345920	0.295000	0.289669	
816	0.287990	184	0.320652	4.989323	816	0.287990	0.294000	0.289676	
854	0.266979	146	0.232877	4.989323	854	0.266979	0.262000	0.289633	
826	0.263923	174	0.252874	4.989323	826	0.263923	0.262000	0.289589	
823	0.257594	177	0.474576	4.989323	823	0.257594	0.296000	0.289599	
829	0.291918	171	0.228070	4.989323	829	0.291918	0.281000	0.289586	
845	0.328994	155	0.000000	4.989323	845	0.328994	0.278000	0.289568	
832	0.371394	168	0.005952	4.989323	832	0.371394	0.310000	0.289600	
821	0.278928	179	0.324022	4.989323	821	0.278928	0.287000	0.289595	
827	0.288996	173	0.184971	4.989323	827	0.288996	0.271000	0.289567	
845	0.353846	155	0.000000	4.989323	845	0.353846	0.299000	0.289581	
837	0.301075	163	0.006135	4.989323	837	0.301075	0.253000	0.289524	
853	0.309496	147	0.183673	4.989323	853	0.309496	0.291000	0.289527	
822	0.293187	178	0.449438	4.989323	822	0.293187	0.321000	0.289575	
836	0.338517	164	0.134146	4.989323	836	0.338517	0.305000	0.289599	
831	0.324910	169	0.124260	4.989323	831	0.324910	0.291000	0.289601	
835	0.316168	165	0.000000	4.989323	835	0.316168	0.264000	0.289562	
826	0.334140	174	0.000000	4.989323	826	0.334140	0.276000	0.289541	
829	0.353438	171	0.000000	4.989323	829	0.353438	0.293000	0.289546	
811	0.289766	189	0.354497	4.989323	811	0.289766	0.302000	0.289566	
820	0.301220	180	0.166667	4.989323	820	0.301220	0.277000	0.289546	
843	0.329775	157	0.019108	4.989323	843	0.329775	0.281000	0.289533	
831	0.300842	169	0.307692	4.989323	831	0.300842	0.302000	0.289552	
844	0.283175	156	0.442308	4.989323	844	0.283175	0.308000	0.289580	
826	0.292978	174	0.373563	4.989323	826	0.292978	0.307000	0.289607	
845	0.289941	155	0.387097	4.989323	845	0.289941	0.305000	0.289630	
848	0.295991	152	0.236842	4.989323	848	0.295991	0.287000	0.289626	
844	0.289100	156	0.467949	4.989323	844	0.289100	0.317000	0.289668	
855	0.284211	145	0.337931	4.989323	855	0.284211	0.292000	0.289671	
842	0.266033	158	0.265823	4.989323	842	0.266033	0.266000	0.289636	
819	0.266178	181	0.491713	4.989323	819	0.266178	0.307000	0.289662	
818	0.344743	182	0.054945	4.989323	818	0.344743	0.292000	0.289665	
843	0.275208	157	0.273885	4.989323	843	0.275208	0.275000	0.289643	
847	0.262102	153	0.339869	4.989323	847	0.262102	0.274000	0.289620	
848	0.271226	152	0.282895	4.989323	848	0.271226	0.273000	0.289595	
853	0.316530	147	0.326531	4.989323	853	0.316530	0.318000	0.289637	
816	0.325980	184	0.222826	4.989323	816	0.325980	0.307000	0.289663	
817	0.276622	183	0.387978	4.989323	817	0.276622	0.297000	0.289674	
857	0.330222	143	0.167832	4.989323	857	0.330222	0.307000	0.289700	
846	0.297872	154	0.201299	4.989323	846	0.297872	0.283000	0.289690	
838	0.312649	162	0.339506	4.989323	838	0.312649	0.317000	0.289731	
857	0.248541	143	0.447552	4.989323	857	0.248541	0.277000	0.289712	
861	0.264808	139	0.374101	4.989323	861	0.264808	0.280000	0.289697	
815	0.298160	185	0.254054	4.989323	815	0.298160	0.290000	0.289698	
829	0.272618	171	0.345029	4.989323	829	0.272618	0.285000	0.289691	
795	0.300629	205	0.278049	4.989323	795	0.300629	0.296000	0.289700	
820	0.332927	180	0.011111	4.989323	820	0.332927	0.275000	0.289679	
844	0.328199	156	0.044872	4.989323	844	0.328199	0.284000	0.289670	
830	0.304819	170	0.400000	4.989323	830	0.304819	0.321000	0.289716	
858	0.273893	142	0.387324	4.989323	858	0.273893	0.290000	0.289717	
834	0.264988	166	0.469880	4.989323	834	0.264988	0.299000	0.289730	
840	0.261905	160	0.506250	4.989323	840	0.261905	0.301000	0.289747	
836	0.278708	164	0.304878	4.989323	836	0.278708	0.283000	0.289737	
845	0.276923	155	0.400000	4.989323	845	0.276923	0.296000	0.289746	
813	0.270603	187	0.326203	4.989323	813	0.270603	0.281000	0.289733	
816	0.335784	184	0.005435	4.989323	816	0.335784	0.275000	0.289712	
810	0.314815	190	0.000000	4.989323	810	0.314815	0.255000	0.289661	
823	0.320778	177	0.005650	4.989323	823	0.320778	0.265000	0.289626	
844	0.292654	156	0.230769	4.989323	844	0.292654	0.283000	0.289616	
825	0.299394	175	0.308571	4.989323	825	0.299394	0.301000	0.289633	
843	0.275208	157	0.458599	4.989323	843	0.275208	0.304000	0.289653	
829	0.252111	171	0.345029	4.989323	829	0.252111	0.268000	0.289622	
842	0.275534	158	0.411392	4.989323	842	0.275534	0.297000	0.289633	
837	0.317802	163	0.282209	4.989323	837	0.317802	0.312000	0.289665	
851	0.306698	149	0.006711	4.989323	851	0.306698	0.262000	0.289625	
834	0.341727	166	0.192771	4.989323	834	0.341727	0.317000	0.289664	
840	0.285714	160	0.406250	4.989323	840	0.285714	0.305000	0.289686	
822	0.260341	178	0.404494	4.989323	822	0.260341	0.286000	0.289681	
820	0.330488	180	0.127778	4.989323	820	0.330488	0.294000	0.289687	
815	0.284663	185	0.313514	4.989323	815	0.284663	0.290000	0.289688	
815	0.257669	185	0.356757	4.989323	815	0.257669	0.276000	0.289668	
835	0.265868	165	0.381818	4.989323	835	0.265868	0.285000	0.289662	
822	0.266423	178	0.308989	4.989323	822	0.266423	0.274000	0.289639	
837	0.329749	163	0.012270	4.989323	837	0.329749	0.278000	0.289623	
816	0.313725	184	0.005435	4.989323	816	0.313725	0.257000	0.289577	
839	0.355185	161	0.000000	4.989323	839	0.355185	0.298000	0.289589	
835	0.295808	165	0.200000	4.989323	835	0.295808	0.280000	0.289575	
847	0.280992	153	0.457516	4.989323	847	0.280992	0.308000	0.289601	
846	0.299054	154	0.474026	4.989323	846	0.299054	0.326000	0.289652	
851	0.273796	149	0.255034	4.989323	851	0.273796	0.271000	0.289626	
815	0.334969	185	0.048649	4.989323	815	0.334969	0.282000	0.289615	
840	0.311905	160	0.293750	4.989323	840	0.311905	0.309000	0.289642	
835	0.286228	165	0.321212	4.989323	835	0.286228	0.292000	0.289646	
847	0.283353	153	0.261438	4.989323	847	0.283353	0.280000	0.289632	
836	0.289474	164	0.274390	4.989323	836	0.289474	0.287000	0.289629	
823	0.285541	177	0.305085	4.989323	823	0.285541	0.289000	0.289628	
834	0.272182	166	0.355422	4.989323	834	0.272182	0.286000	0.289623	
806	0.271712	194	0.247423	4.989323	806	0.271712	0.267000	0.289591	
831	0.240674	169	0.420118	4.989323	831	0.240674	0.271000	0.289565	
830	0.318072	170	0.076471	4.989323	830	0.318072	0.277000	0.289548	
853	0.337632	147	0.034014	4.989323	853	0.337632	0.293000	0.289553	
839	0.297974	161	0.161491	4.989323	839	0.297974	0.276000	0.289534	
839	0.275328	161	0.242236	4.989323	839	0.275328	0.270000	0.289507	
833	0.268908	167	0.359281	4.989323	833	0.268908	0.284000	0.289500	
852	0.285211	148	0.391892	4.989323	852	0.285211	0.301000	0.289515	
836	0.320574	164	0.164634	4.989323	836	0.320574	0.295000	0.289523	
839	0.340882	161	0.012422	4.989323	839	0.340882	0.288000	0.289521	
841	0.325803	159	0.000000	4.989323	841	0.325803	0.274000	0.289500	
824	0.338592	176	0.113636	4.989323	824	0.338592	0.299000	0.289513	
821	0.316687	179	0.122905	4.989323	821	0.316687	0.282000	0.289502	
835	0.313772	165	0.175758	4.989323	835	0.313772	0.291000	0.289504	
847	0.280992	153	0.398693	4.989323	847	0.280992	0.299000	0.289517	
837	0.253286	163	0.374233	4.989323	837	0.253286	0.273000	0.289495	
837	0.291517	163	0.288344	4.989323	837	0.291517	0.291000	0.289497	
836	0.290670	164	0.493902	4.989323	836	0.290670	0.324000	0.289544	
811	0.335388	189	0.317460	4.989323	811	0.335388	0.332000	0.289601	
856	0.274533	144	0.270833	4.989323	856	0.274533	0.274000	0.289580	
853	0.296600	147	0.333333	4.989323	853	0.296600	0.302000	0.289597	
829	0.278649	171	0.304094	4.989323	829	0.278649	0.283000	0.289588	
846	0.308511	154	0.006494	4.989323	846	0.308511	0.262000	0.289551	
826	0.279661	174	0.178161	4.989323	826	0.279661	0.262000	0.289514	
831	0.318893	169	0.065089	4.989323	831	0.318893	0.276000	0.289496	
840	0.275000	160	0.331250	4.989323	840	0.275000	0.284000	0.289488	
808	0.279703	192	0.229167	4.989323	808	0.279703	0.270000	0.289462	
839	0.300358	161	0.304348	4.989323	839	0.300358	0.301000	0.289478	
837	0.305854	163	0.306748	4.989323	837	0.305854	0.306000	0.289500	
825	0.307879	175	0.337143	4.989323	825	0.307879	0.313000	0.289531	
841	0.335315	159	0.000000	4.989323	841	0.335315	0.282000	0.289521	
825	0.334545	175	0.051429	4.989323	825	0.334545	0.285000	0.289515	
840	0.298810	160	0.331250	4.989323	840	0.298810	0.304000	0.289534	
831	0.317690	169	0.071006	4.989323	831	0.317690	0.276000	0.289516	
834	0.335731	166	0.018072	4.989323	834	0.335731	0.283000	0.289508	
836	0.289474	164	0.097561	4.989323	836	0.289474	0.258000	0.289466	
825	0.250909	175	0.325714	4.989323	825	0.250909	0.264000	0.289432	
853	0.286049	147	0.306122	4.989323	853	0.286049	0.289000	0.289432	
836	0.283493	164	0.347561	4.989323	836	0.283493	0.294000	0.289438	
809	0.289246	191	0.308901	4.989323	809	0.289246	0.293000	0.289442	
822	0.356448	178	0.005618	4.989323	822	0.356448	0.294000	0.289448	
829	0.328106	171	0.152047	4.989323	829	0.328106	0.298000	0.289460	
834	0.304556	166	0.144578	4.989323	834	0.304556	0.278000	0.289445	
844	0.347156	156	0.000000	4.989323	844	0.347156	0.293000	0.289449	
847	0.331759	153	0.006536	4.989323	847	0.331759	0.282000	0.289439	
848	0.320755	152	0.000000	4.989323	848	0.320755	0.272000	0.289417	
848	0.325472	152	0.171053	4.989323	848	0.325472	0.302000	0.289433	
829	0.330519	171	0.280702	4.989323	829	0.330519	0.322000	0.289476	
838	0.343675	162	0.296296	4.989323	838	0.343675	0.336000	0.289536	
842	0.333729	158	0.069620	4.989323	842	0.333729	0.292000	0.289539	
827	0.316808	173	0.341040	4.989323	827	0.316808	0.321000	0.289580	
826	0.300242	174	0.356322	4.989323	826	0.300242	0.310000	0.289607	
828	0.317633	172	0.244186	4.989323	828	0.317633	0.305000	0.289627	
825	0.289697	175	0.280000	4.989323	825	0.289697	0.288000	0.289624	
813	0.306273	187	0.181818	4.989323	813	0.306273	0.283000	0.289616	
823	0.326853	177	0.146893	4.989323	823	0.326853	0.295000	0.289623	
858	0.292541	142	0.457746	4.989323	858	0.292541	0.316000	0.289657	
830	0.310843	170	0.282353	4.989323	830	0.310843	0.306000	0.289678	
837	0.283154	163	0.190184	4.989323	837	0.283154	0.268000	0.289650	
825	0.295758	175	0.245714	4.989323	825	0.295758	0.287000	0.289647	
829	0.313631	171	0.081871	4.989323	829	0.313631	0.274000	0.289627	
799	0.356696	201	0.000000	4.989323	799	0.356696	0.285000	0.289621	
820	0.274390	180	0.394444	4.989323	820	0.274390	0.296000	0.289629	
834	0.344125	166	0.138554	4.989323	834	0.344125	0.310000	0.289655	
832	0.305288	168	0.107143	4.989323	832	0.305288	0.272000	0.289632	
828	0.292271	172	0.476744	4.989323	828	0.292271	0.324000	0.289676	
835	0.293413	165	0.381818	4.989323	835	0.293413	0.308000	0.289699	
823	0.325638	177	0.169492	4.989323	823	0.325638	0.298000	0.289710	
830	0.345783	170	0.164706	4.989323	830	0.345783	0.315000	0.289742	
834	0.328537	166	0.000000	4.989323	834	0.328537	0.274000	0.289722	
848	0.305425	152	0.203947	4.989323	848	0.305425	0.290000	0.289722	
807	0.317224	193	0.155440	4.989323	807	0.317224	0.286000	0.289718	
806	0.338710	194	0.036082	4.989323	806	0.338710	0.280000	0.289705	
853	0.286049	147	0.142857	4.989323	853	0.286049	0.265000	0.289674	
831	0.290012	169	0.213018	4.989323	831	0.290012	0.277000	0.289658	
832	0.283654	168	0.351190	4.989323	832	0.283654	0.295000	0.289665	
824	0.313107	176	0.051136	4.989323	824	0.313107	0.267000	0.289637	
823	0.313487	177	0.180791	4.989323	823	0.313487	0.290000	0.289637	
850	0.291765	150	0.186667	4.989323	850	0.291765	0.276000	0.289620	
843	0.309609	157	0.171975	4.989323	843	0.309609	0.288000	0.289618	
833	0.271309	167	0.413174	4.989323	833	0.271309	0.295000	0.289625	
836	0.312201	164	0.042683	4.989323	836	0.312201	0.268000	0.289598	
837	0.271207	163	0.190184	4.989323	837	0.271207	0.258000	0.289558	
848	0.265330	152	0.276316	4.989323	848	0.265330	0.267000	0.289530	
826	0.338983	174	0.005747	4.989323	826	0.338983	0.281000	0.289520	
836	0.296651	164	0.250000	4.989323	836	0.296651	0.289000	0.289519	
830	0.291566	170	0.264706	4.989323	830	0.291566	0.287000	0.289516	
826	0.263923	174	0.448276	4.989323	826	0.263923	0.296000	0.289524	
841	0.273484	159	0.496855	4.989323	841	0.273484	0.309000	0.289548	
823	0.292831	177	0.265537	4.989323	823	0.292831	0.288000	0.289546	
862	0.265661	138	0.413043	4.989323	862	0.265661	0.286000	0.289542	
832	0.263221	168	0.386905	4.989323	832	0.263221	0.284000	0.289535	
847	0.289256	153	0.359477	4.989323	847	0.289256	0.300000	0.289548	
821	0.303289	179	0.301676	4.989323	821	0.303289	0.303000	0.289564	
830	0.269880	170	0.435294	4.989323	830	0.269880	0.298000	0.289575	
839	0.306317	161	0.198758	4.989323	839	0.306317	0.289000	0.289574	
836	0.293062	164	0.365854	4.989323	836	0.293062	0.305000	0.289593	
836	0.293062	164	0.359756	4.989323	836	0.293062	0.304000	0.289610	
826	0.244552	174	0.402299	4.989323	826	0.244552	0.272000	0.289589	
836	0.273923	164	0.310976	4.989323	836	0.273923	0.280000	0.289577	
848	0.273585	152	0.342105	4.989323	848	0.273585	0.284000	0.289570	
821	0.283800	179	0.217877	4.989323	821	0.283800	0.272000	0.289549	
846	0.303783	154	0.285714	4.989323	846	0.303783	0.301000	0.289563	
839	0.357569	161	0.012422	4.989323	839	0.357569	0.302000	0.289578	
844	0.255924	156	0.384615	4.989323	844	0.255924	0.276000	0.289562	
840	0.286905	160	0.325000	4.989323	840	0.286905	0.293000	0.289566	
814	0.277641	186	0.349462	4.989323	814	0.277641	0.291000	0.289567	
833	0.310924	167	0.095808	4.989323	833	0.310924	0.275000	0.289550	
843	0.263345	157	0.471338	4.989323	843	0.263345	0.296000	0.289558	
860	0.293023	140	0.328571	4.989323	860	0.293023	0.298000	0.289568	
828	0.259662	172	0.383721	4.989323	828	0.259662	0.281000	0.289557	
820	0.289024	180	0.438889	4.989323	820	0.289024	0.316000	0.289589	
839	0.253874	161	0.416149	4.989323	839	0.253874	0.280000	0.289578	
846	0.299054	154	0.194805	4.989323	846	0.299054	0.283000	0.289570	
839	0.311085	161	0.254658	4.989323	839	0.311085	0.302000	0.289585	
835	0.337725	165	0.042424	4.989323	835	0.337725	0.289000	0.289584	
827	0.299879	173	0.213873	4.989323	827	0.299879	0.285000	0.289579	
817	0.331701	183	0.267760	4.989323	817	0.331701	0.320000	0.289615	
829	0.310012	171	0.333333	4.989323	829	0.310012	0.314000	0.289644	
837	0.329749	163	0.092025	4.989323	837	0.329749	0.291000	0.289646	
838	0.284010	162	0.419753	4.989323	838	0.284010	0.306000	0.289665	
841	0.312723	159	0.283019	4.989323	841	0.312723	0.308000	0.289687	
829	0.295537	171	0.333333	4.989323	829	0.295537	0.302000	0.289702	
823	0.313487	177	0.118644	4.989323	823	0.313487	0.279000	0.289689	
828	0.297101	172	0.424419	4.989323	828	0.297101	0.319000	0.289724	
838	0.323389	162	0.049383	4.989323	838	0.323389	0.279000	0.289711	
830	0.337349	170	0.170588	4.989323	830	0.337349	0.309000	0.289734	
826	0.318402	174	0.235632	4.989323	826	0.318402	0.304000	0.289751	
845	0.289941	155	0.232258	4.989323	845	0.289941	0.281000	0.289740	
819	0.304029	181	0.342541	4.989323	819	0.304029	0.311000	0.289765	
829	0.293124	171	0.321637	4.989323	829	0.293124	0.298000	0.289775	
832	0.263221	168	0.291667	4.989323	832	0.263221	0.268000	0.289749	
814	0.318182	186	0.231183	4.989323	814	0.318182	0.302000	0.289764	
824	0.327670	176	0.153409	4.989323	824	0.327670	0.297000	0.289772	
827	0.290206	173	0.317919	4.989323	827	0.290206	0.295000	0.289778	
805	0.265839	195	0.287179	4.989323	805	0.265839	0.270000	0.289755	
837	0.252091	163	0.380368	4.989323	837	0.252091	0.273000	0.289736	
827	0.276904	173	0.254335	4.989323	827	0.276904	0.273000	0.289716	
840	0.273810	160	0.193750	4.989323	840	0.273810	0.261000	0.289683	
834	0.278177	166	0.325301	4.989323	834	0.278177	0.286000	0.289678	
828	0.287440	172	0.366279	4.989323	828	0.287440	0.301000	0.289692	
848	0.294811	152	0.381579	4.989323	848	0.294811	0.308000	0.289713	
819	0.323565	181	0.082873	4.989323	819	0.323565	0.280000	0.289702	
835	0.325749	165	0.115152	4.989323	835	0.325749	0.291000	0.289703	
815	0.269939	185	0.335135	4.989323	815	0.269939	0.282000	0.289694	
840	0.276190	160	0.293750	4.989323	840	0.276190	0.279000	0.289682	
830	0.287952	170	0.300000	4.989323	830	0.287952	0.290000	0.289682	
828	0.286232	172	0.505814	4.989323	828	0.286232	0.324000	0.289722	
833	0.313325	167	0.179641	4.989323	833	0.313325	0.291000	0.289723	
843	0.291815	157	0.121019	4.989323	843	0.291815	0.265000	0.289695	
849	0.259128	151	0.370861	4.989323	849	0.259128	0.276000	0.289679	
820	0.267073	180	0.283333	4.989323	820	0.267073	0.270000	0.289656	
824	0.248786	176	0.403409	4.989323	824	0.248786	0.276000	0.289641	
808	0.282178	192	0.286458	4.989323	808	0.282178	0.283000	0.289633	
823	0.317132	177	0.000000	4.989323	823	0.317132	0.261000	0.289600	
825	0.367273	175	0.028571	4.989323	825	0.367273	0.308000	0.289621	
813	0.309963	187	0.058824	4.989323	813	0.309963	0.263000	0.289591	
839	0.344458	161	0.006211	4.989323	839	0.344458	0.290000	0.289591	
846	0.345154	154	0.000000	4.989323	846	0.345154	0.292000	0.289594	
837	0.327360	163	0.202454	4.989323	837	0.327360	0.307000	0.289614	
819	0.300366	181	0.281768	4.989323	819	0.300366	0.297000	0.289622	
796	0.315327	204	0.264706	4.989323	796	0.315327	0.305000	0.289640	
828	0.299517	172	0.296512	4.989323	828	0.299517	0.299000	0.289650	
833	0.301321	167	0.311377	4.989323	833	0.301321	0.303000	0.289666	
844	0.284360	156	0.326923	4.989323	844	0.284360	0.291000	0.289667	
841	0.348395	159	0.012579	4.989323	841	0.348395	0.295000	0.289673	
827	0.337364	173	0.104046	4.989323	827	0.337364	0.297000	0.289681	
829	0.275030	171	0.426901	4.989323	829	0.275030	0.301000	0.289694	
841	0.306778	159	0.264151	4.989323	841	0.306778	0.300000	0.289706	
829	0.266586	171	0.391813	4.989323	829	0.266586	0.288000	0.289704	
838	0.266110	162	0.302469	4.989323	838	0.266110	0.272000	0.289684	
839	0.278903	161	0.248447	4.989323	839	0.278903	0.274000	0.289666	
833	0.303721	167	0.407186	4.989323	833	0.303721	0.321000	0.289701	
841	0.274673	159	0.289308	4.989323	841	0.274673	0.277000	0.289687	
833	0.307323	167	0.000000	4.989323	833	0.307323	0.256000	0.289650	
819	0.283272	181	0.099448	4.989323	819	0.283272	0.250000	0.289605	
833	0.262905	167	0.263473	4.989323	833	0.262905	0.263000	0.289576	
836	0.303828	164	0.182927	4.989323	836	0.303828	0.284000	0.289569	
825	0.270303	175	0.291429	4.989323	825	0.270303	0.274000	0.289552	
841	0.303210	159	0.201258	4.989323	841	0.303210	0.287000	0.289549	
834	0.286571	166	0.361446	4.989323	834	0.286571	0.299000	0.289560	
826	0.288136	174	0.218391	4.989323	826	0.288136	0.276000	0.289545	
831	0.296029	169	0.254438	4.989323	831	0.296029	0.289000	0.289544	
844	0.329384	156	0.064103	4.989323	844	0.329384	0.288000	0.289542	
842	0.306413	158	0.113924	4.989323	842	0.306413	0.276000	0.289527	
798	0.280702	202	0.450495	4.989323	798	0.280702	0.315000	0.289555	
840	0.308333	160	0.193750	4.989323	840	0.308333	0.290000	0.289556	
815	0.296933	185	0.097297	4.989323	815	0.296933	0.260000	0.289523	
840	0.251190	160	0.356250	4.989323	840	0.251190	0.268000	0.289500	
818	0.310513	182	0.109890	4.989323	818	0.310513	0.274000	0.289483	
849	0.306243	151	0.211921	4.989323	849	0.306243	0.292000	0.289485	
831	0.320096	169	0.372781	4.989323	831	0.320096	0.329000	0.289529	
831	0.322503	169	0.000000	4.989323	831	0.322503	0.268000	0.289505	
838	0.278043	162	0.240741	4.989323	838	0.278043	0.272000	0.289486	
846	0.239953	154	0.428571	4.989323	846	0.239953	0.269000	0.289464	
831	0.287605	169	0.390533	4.989323	831	0.287605	0.305000	0.289481	
847	0.288076	153	0.196078	4.989323	847	0.288076	0.274000	0.289464	
834	0.323741	166	0.000000	4.989323	834	0.323741	0.270000	0.289442	
830	0.345783	170	0.070588	4.989323	830	0.345783	0.299000	0.289453	
856	0.252336	144	0.381944	4.989323	856	0.252336	0.271000	0.289433	
820	0.310976	180	0.244444	4.989323	820	0.310976	0.299000	0.289443	
846	0.238771	154	0.396104	4.989323	846	0.238771	0.263000	0.289414	
841	0.282996	159	0.396226	4.989323	841	0.282996	0.301000	0.289427	
823	0.297691	177	0.344633	4.989323	823	0.297691	0.306000	0.289445	
827	0.282950	173	0.381503	4.989323	827	0.282950	0.300000	0.289456	
819	0.322344	181	0.193370	4.989323	819	0.322344	0.299000	0.289467	
830	0.296386	170	0.358824	4.989323	830	0.296386	0.307000	0.289486	
820	0.262195	180	0.344444	4.989323	820	0.262195	0.277000	0.289472	
823	0.292831	177	0.288136	4.989323	823	0.292831	0.292000	0.289475	
829	0.265380	171	0.245614	4.989323	829	0.265380	0.262000	0.289445	
835	0.261078	165	0.466667	4.989323	835	0.261078	0.295000	0.289451	
842	0.289786	158	0.367089	4.989323	842	0.289786	0.302000	0.289465	
819	0.288156	181	0.392265	4.989323	819	0.288156	0.307000	0.289484	
842	0.277910	158	0.139241	4.989323	842	0.277910	0.256000	0.289448	
858	0.315851	142	0.007042	4.989323	858	0.315851	0.272000	0.289429	
838	0.326969	162	0.006173	4.989323	838	0.326969	0.275000	0.289414	
824	0.313107	176	0.000000	4.989323	824	0.313107	0.258000	0.289380	
840	0.298810	160	0.312500	4.989323	840	0.298810	0.301000	0.289392	
850	0.274118	150	0.260000	4.989323	850	0.274118	0.272000	0.289374	
832	0.286058	168	0.380952	4.989323	832	0.286058	0.302000	0.289387	
828	0.247585	172	0.244186	4.989323	828	0.247585	0.247000	0.289342	
843	0.284698	157	0.280255	4.989323	843	0.284698	0.284000	0.289337	
843	0.348754	157	0.006369	4.989323	843	0.348754	0.295000	0.289343	
822	0.287105	178	0.393258	4.989323	822	0.287105	0.306000	0.289360	
836	0.293062	164	0.158537	4.989323	836	0.293062	0.271000	0.289341	
847	0.292798	153	0.346405	4.989323	847	0.292798	0.301000	0.289353	
831	0.305656	169	0.130178	4.989323	831	0.305656	0.276000	0.289339	
837	0.326165	163	0.049080	4.989323	837	0.326165	0.281000	0.289330	
823	0.302552	177	0.265537	4.989323	823	0.302552	0.296000	0.289337	
813	0.282903	187	0.288770	4.989323	813	0.282903	0.284000	0.289332	
817	0.265606	183	0.295082	4.989323	817	0.265606	0.271000	0.289312	
840	0.317857	160	0.087500	4.989323	840	0.317857	0.281000	0.289304	
837	0.323775	163	0.104294	4.989323	837	0.323775	0.288000	0.289302	
840	0.314286	160	0.000000	4.989323	840	0.314286	0.264000	0.289276	
846	0.310875	154	0.000000	4.989323	846	0.310875	0.263000	0.289248	
845	0.286391	155	0.174194	4.989323	845	0.286391	0.269000	0.289227	
827	0.273277	173	0.352601	4.989323	827	0.273277	0.287000	0.289225	
838	0.323389	162	0.246914	4.989323	838	0.323389	0.311000	0.289247	
850	0.328235	150	0.120000	4.989323	850	0.328235	0.297000	0.289255	
846	0.329787	154	0.103896	4.989323	846	0.329787	0.295000	0.289261	
826	0.314770	174	0.275862	4.989323	826	0.314770	0.308000	0.289281	
832	0.299279	168	0.392857	4.989323	832	0.299279	0.315000	0.289308	
833	0.286915	167	0.574850	4.989323	833	0.286915	0.335000	0.289355	
837	0.290323	163	0.386503	4.989323	837	0.290323	0.306000	0.289372	
833	0.273709	167	0.437126	4.989323	833	0.273709	0.301000	0.289385	
820	0.346341	180	0.200000	4.989323	820	0.346341	0.320000	0.289416	
813	0.290283	187	0.235294	4.989323	813	0.290283	0.280000	0.289407	
831	0.338147	169	0.088757	4.989323	831	0.338147	0.296000	0.289413	
856	0.301402	144	0.291667	4.989323	856	0.301402	0.300000	0.289424	
830	0.293976	170	0.270588	4.989323	830	0.293976	0.290000	0.289425	
816	0.284314	184	0.244565	4.989323	816	0.284314	0.277000	0.289412	
814	0.261671	186	0.430108	4.989323	814	0.261671	0.293000	0.289416	
821	0.295981	179	0.318436	4.989323	821	0.295981	0.300000	0.289427	
813	0.295203	187	0.320856	4.989323	813	0.295203	0.300000	0.289438	
828	0.303140	172	0.377907	4.989323	828	0.303140	0.316000	0.289465	
830	0.283133	170	0.241176	4.989323	830	0.283133	0.276000	0.289451	
811	0.330456	189	0.185185	4.989323	811	0.330456	0.303000	0.289465	
828	0.338164	172	0.319767	4.989323	828	0.338164	0.335000	0.289511	
833	0.290516	167	0.431138	4.989323	833	0.290516	0.314000	0.289537	
843	0.276394	157	0.261146	4.989323	843	0.276394	0.274000	0.289521	
840	0.294048	160	0.425000	4.989323	840	0.294048	0.315000	0.289547	
836	0.305024	164	0.304878	4.989323	836	0.305024	0.305000	0.289562	
832	0.282452	168	0.238095	4.989323	832	0.282452	0.275000	0.289548	
847	0.290437	153	0.333333	4.989323	847	0.290437	0.297000	0.289555	
833	0.274910	167	0.317365	4.989323	833	0.274910	0.282000	0.289547	
836	0.343301	164	0.000000	4.989323	836	0.343301	0.287000	0.289545	
812	0.277094	188	0.212766	4.989323	812	0.277094	0.265000	0.289520	
827	0.266022	173	0.265896	4.989323	827	0.266022	0.266000	0.289496	
818	0.300733	182	0.280220	4.989323	818	0.300733	0.297000	0.289504	
833	0.288115	167	0.419162	4.989323	833	0.288115	0.310000	0.289524	
845	0.257988	155	0.361290	4.989323	845	0.257988	0.274000	0.289509	
849	0.329800	151	0.125828	4.989323	849	0.329800	0.299000	0.289518	
844	0.302133	156	0.141026	4.989323	844	0.302133	0.277000	0.289506	
842	0.330166	158	0.189873	4.989323	842	0.330166	0.308000	0.289524	
845	0.314793	155	0.174194	4.989323	845	0.314793	0.293000	0.289528	
837	0.295102	163	0.343558	4.989323	837	0.295102	0.303000	0.289541	
828	0.287440	172	0.319767	4.989323	828	0.287440	0.293000	0.289545	
853	0.282532	147	0.272109	4.989323	853	0.282532	0.281000	0.289536	
839	0.284863	161	0.167702	4.989323	839	0.284863	0.266000	0.289513	
843	0.270463	157	0.305732	4.989323	843	0.270463	0.276000	0.289499	
832	0.254808	168	0.440476	4.989323	832	0.254808	0.286000	0.289496	
824	0.305825	176	0.107955	4.989323	824	0.305825	0.271000	0.289477	
829	0.332931	171	0.122807	4.989323	829	0.332931	0.297000	0.289485	
829	0.285887	171	0.269006	4.989323	829	0.285887	0.283000	0.289478	
833	0.297719	167	0.425150	4.989323	833	0.297719	0.319000	0.289508	
838	0.304296	162	0.222222	4.989323	838	0.304296	0.291000	0.289509	
836	0.342105	164	0.158537	4.989323	836	0.342105	0.312000	0.289532	
829	0.276236	171	0.532164	4.989323	829	0.276236	0.320000	0.289562	
853	0.259086	147	0.401361	4.989323	853	0.259086	0.280000	0.289552	
838	0.278043	162	0.265432	4.989323	838	0.278043	0.276000	0.289539	
824	0.279126	176	0.289773	4.989323	824	0.279126	0.281000	0.289530	
