Rate	83.33
Tree Move	16.67
Rate Tried	% Accepted	Tree Move Tried	% Accepted	Rates - Dev	Rates - Tried	Rates - Accepted	Sample Ave Acceptance	Total Ave Acceptance	
820	0.414634	180	0.850000	5.000000	820	0.414634	0.493000	0.639851	
841	0.450654	159	0.805031	5.000000	841	0.450654	0.507000	0.628781	
831	0.425993	169	0.822485	5.000000	831	0.425993	0.493000	0.618337	
863	0.397451	137	0.854015	5.000000	863	0.397451	0.460000	0.607028	
816	0.442402	184	0.793478	5.000000	816	0.442402	0.507000	0.600360	
854	0.426230	146	0.876712	5.000000	854	0.426230	0.492000	0.593588	
834	0.420863	166	0.843373	5.000000	834	0.420863	0.491000	0.587554	
830	0.407229	170	0.917647	5.000000	830	0.407229	0.494000	0.582357	
834	0.446043	166	0.813253	5.000000	834	0.446043	0.507000	0.578391	
834	0.440048	166	0.843373	5.000000	834	0.440048	0.507000	0.574821	
840	0.440476	160	0.818750	5.000000	840	0.440476	0.501000	0.571306	
851	0.405405	149	0.771812	5.000000	851	0.405405	0.460000	0.566247	
795	0.444025	205	0.868293	5.000000	795	0.444025	0.531000	0.564715	
816	0.411765	184	0.880435	5.000000	816	0.411765	0.498000	0.561935	
832	0.455529	168	0.761905	5.000000	832	0.455529	0.507000	0.559738	
845	0.424852	155	0.819355	5.000000	845	0.424852	0.486000	0.556902	
838	0.424821	162	0.845679	5.000000	838	0.424821	0.493000	0.554535	
854	0.427400	146	0.849315	5.000000	854	0.427400	0.489000	0.552195	
850	0.435294	150	0.800000	5.000000	850	0.435294	0.490000	0.550050	
818	0.455990	182	0.835165	5.000000	818	0.455990	0.525000	0.549215	
842	0.426366	158	0.778481	5.000000	842	0.426366	0.482000	0.547047	
820	0.437805	180	0.911111	5.000000	820	0.437805	0.523000	0.546295	
852	0.453052	148	0.864865	5.000000	852	0.453052	0.514000	0.545317	
830	0.430120	170	0.811765	5.000000	830	0.430120	0.495000	0.543837	
820	0.445122	180	0.827778	5.000000	820	0.445122	0.514000	0.542984	
829	0.407720	171	0.824561	5.000000	829	0.407720	0.479000	0.541207	
823	0.439854	177	0.802260	5.000000	823	0.439854	0.504000	0.540202	
825	0.408485	175	0.811429	5.000000	825	0.408485	0.479000	0.538591	
848	0.419811	152	0.888158	5.000000	848	0.419811	0.491000	0.537371	
827	0.409915	173	0.838150	5.000000	827	0.409915	0.484000	0.536037	
831	0.406739	169	0.840237	5.000000	831	0.406739	0.480000	0.534670	
853	0.411489	147	0.748299	5.000000	853	0.411489	0.461000	0.532916	
854	0.441452	146	0.746575	5.000000	854	0.441452	0.486000	0.531825	
817	0.421053	183	0.852459	5.000000	817	0.421053	0.500000	0.531102	
834	0.438849	166	0.789157	5.000000	834	0.438849	0.497000	0.530344	
820	0.432927	180	0.850000	5.000000	820	0.432927	0.508000	0.529858	
834	0.448441	166	0.771084	5.000000	834	0.448441	0.502000	0.529265	
813	0.445264	187	0.764706	5.000000	813	0.445264	0.505000	0.528760	
823	0.456865	177	0.841808	5.000000	823	0.456865	0.525000	0.528683	
838	0.440334	162	0.820988	5.000000	838	0.440334	0.502000	0.528149	
824	0.411408	176	0.875000	5.000000	824	0.411408	0.493000	0.527460	
841	0.416171	159	0.893082	5.000000	841	0.416171	0.492000	0.526778	
831	0.413959	169	0.840237	5.000000	831	0.413959	0.486000	0.526009	
833	0.441777	167	0.808383	5.000000	833	0.441777	0.503000	0.525583	
862	0.386311	138	0.768116	5.000000	862	0.386311	0.439000	0.524009	
825	0.415758	175	0.794286	5.000000	825	0.415758	0.482000	0.523259	
824	0.438107	176	0.784091	5.000000	824	0.438107	0.499000	0.522833	
822	0.383212	178	0.808989	5.000000	822	0.383212	0.459000	0.521732	
831	0.436823	169	0.863905	5.000000	831	0.436823	0.509000	0.521517	
832	0.407452	168	0.797619	5.000000	832	0.407452	0.473000	0.520708	
819	0.445665	181	0.856354	5.000000	819	0.445665	0.520000	0.520696	
860	0.433721	140	0.842857	5.000000	860	0.433721	0.491000	0.520217	
832	0.443510	168	0.851190	5.000000	832	0.443510	0.512000	0.520087	
832	0.439904	168	0.916667	5.000000	832	0.439904	0.520000	0.520086	
816	0.415441	184	0.864130	5.000000	816	0.415441	0.498000	0.519746	
852	0.423709	148	0.831081	5.000000	852	0.423709	0.484000	0.519204	
870	0.427586	130	0.838462	5.000000	870	0.427586	0.481000	0.518634	
807	0.449814	193	0.834197	5.000000	807	0.449814	0.524000	0.518713	
835	0.432335	165	0.775758	5.000000	835	0.432335	0.489000	0.518282	
845	0.408284	155	0.806452	5.000000	845	0.408284	0.470000	0.517593	
838	0.454654	162	0.777778	5.000000	838	0.454654	0.507000	0.517443	
817	0.396573	183	0.786885	5.000000	817	0.396573	0.468000	0.516757	
836	0.415072	164	0.853659	5.000000	836	0.415072	0.487000	0.516349	
824	0.459951	176	0.852273	5.000000	824	0.459951	0.529000	0.516520	
839	0.419547	161	0.844720	5.000000	839	0.419547	0.488000	0.516140	
849	0.407538	151	0.761589	5.000000	849	0.407538	0.461000	0.515414	
813	0.409594	187	0.812834	5.000000	813	0.409594	0.485000	0.515019	
865	0.438150	135	0.814815	5.000000	865	0.438150	0.489000	0.514686	
844	0.451422	156	0.762821	5.000000	844	0.451422	0.500000	0.514500	
836	0.423445	164	0.847561	5.000000	836	0.423445	0.493000	0.514231	
811	0.479655	189	0.804233	5.000000	811	0.479655	0.541000	0.514562	
840	0.426190	160	0.900000	5.000000	840	0.426190	0.502000	0.514408	
834	0.432854	166	0.807229	5.000000	834	0.432854	0.495000	0.514175	
834	0.416067	166	0.837349	5.000000	834	0.416067	0.486000	0.513839	
811	0.404439	189	0.820106	5.000000	811	0.404439	0.483000	0.513476	
846	0.413712	154	0.766234	5.000000	846	0.413712	0.468000	0.512948	
800	0.430000	200	0.785000	5.000000	800	0.430000	0.501000	0.512810	
864	0.403935	136	0.808824	5.000000	864	0.403935	0.459000	0.512199	
843	0.402135	157	0.840764	5.000000	843	0.402135	0.471000	0.511736	
843	0.446026	157	0.808917	5.000000	843	0.446026	0.503000	0.511639	
817	0.434517	183	0.852459	5.000000	817	0.434517	0.511000	0.511632	
841	0.430440	159	0.773585	5.000000	841	0.430440	0.485000	0.511342	
836	0.406699	164	0.847561	5.000000	836	0.406699	0.479000	0.510995	
838	0.406921	162	0.858025	5.000000	838	0.406921	0.480000	0.510665	
813	0.421894	187	0.828877	5.000000	813	0.421894	0.498000	0.510531	
836	0.442584	164	0.847561	5.000000	836	0.442584	0.509000	0.510516	
843	0.427046	157	0.796178	5.000000	843	0.427046	0.485000	0.510252	
826	0.433414	174	0.798851	5.000000	826	0.433414	0.497000	0.510117	
820	0.423171	180	0.805556	5.000000	820	0.423171	0.492000	0.509934	
826	0.461259	174	0.844828	5.000000	826	0.461259	0.528000	0.510115	
867	0.403691	133	0.819549	5.000000	867	0.403691	0.459000	0.509609	
829	0.420989	171	0.807018	5.000000	829	0.420989	0.487000	0.509387	
825	0.447273	175	0.828571	5.000000	825	0.447273	0.514000	0.509432	
830	0.408434	170	0.847059	5.000000	830	0.408434	0.483000	0.509178	
843	0.415184	157	0.802548	5.000000	843	0.415184	0.476000	0.508862	
837	0.430108	163	0.791411	5.000000	837	0.430108	0.489000	0.508674	
823	0.441069	177	0.824859	5.000000	823	0.441069	0.509000	0.508677	
832	0.427885	168	0.839286	5.000000	832	0.427885	0.497000	0.508569	
846	0.431442	154	0.740260	5.000000	846	0.431442	0.479000	0.508298	
833	0.439376	167	0.796407	5.000000	833	0.439376	0.499000	0.508214	
825	0.418182	175	0.805714	5.000000	825	0.418182	0.486000	0.508013	
807	0.425031	193	0.860104	5.000000	807	0.425031	0.509000	0.508022	
831	0.415162	169	0.775148	5.000000	831	0.415162	0.476000	0.507739	
834	0.459233	166	0.873494	5.000000	834	0.459233	0.528000	0.507917	
841	0.400713	159	0.786164	5.000000	841	0.400713	0.462000	0.507517	
823	0.417983	177	0.819209	5.000000	823	0.417983	0.489000	0.507358	
851	0.439483	149	0.785235	5.000000	851	0.439483	0.491000	0.507218	
824	0.430825	176	0.732955	5.000000	824	0.430825	0.484000	0.507021	
854	0.391101	146	0.849315	5.000000	854	0.391101	0.458000	0.506609	
831	0.411552	169	0.786982	5.000000	831	0.411552	0.475000	0.506346	
821	0.420219	179	0.826816	5.000000	821	0.420219	0.493000	0.506235	
821	0.412911	179	0.815642	5.000000	821	0.412911	0.485000	0.506061	
839	0.432658	161	0.788820	5.000000	839	0.432658	0.490000	0.505931	
813	0.435424	187	0.844920	5.000000	813	0.435424	0.512000	0.505980	
862	0.433875	138	0.862319	5.000000	862	0.433875	0.493000	0.505876	
832	0.406250	168	0.821429	5.000000	832	0.406250	0.476000	0.505639	
813	0.420664	187	0.786096	5.000000	813	0.420664	0.489000	0.505508	
844	0.456161	156	0.769231	5.000000	844	0.456161	0.505000	0.505504	
864	0.457176	136	0.838235	5.000000	864	0.457176	0.509000	0.505531	
819	0.424908	181	0.867403	5.000000	819	0.424908	0.505000	0.505527	
836	0.423445	164	0.823171	5.000000	836	0.423445	0.489000	0.505401	
861	0.409988	139	0.784173	5.000000	861	0.409988	0.462000	0.505072	
825	0.403636	175	0.777143	5.000000	825	0.403636	0.469000	0.504801	
819	0.461538	181	0.784530	5.000000	819	0.461538	0.520000	0.504914	
840	0.446429	160	0.812500	5.000000	840	0.446429	0.505000	0.504915	
856	0.440421	144	0.826389	5.000000	856	0.440421	0.496000	0.504849	
838	0.449881	162	0.796296	5.000000	838	0.449881	0.506000	0.504858	
831	0.424789	169	0.863905	5.000000	831	0.424789	0.499000	0.504815	
836	0.415072	164	0.859756	5.000000	836	0.415072	0.488000	0.504694	
819	0.439560	181	0.845304	5.000000	819	0.439560	0.513000	0.504754	
840	0.403571	160	0.787500	5.000000	840	0.403571	0.465000	0.504472	
835	0.405988	165	0.842424	5.000000	835	0.405988	0.478000	0.504285	
828	0.429952	172	0.825581	5.000000	828	0.429952	0.498000	0.504241	
835	0.400000	165	0.842424	5.000000	835	0.400000	0.473000	0.504024	
837	0.413381	163	0.809816	5.000000	837	0.413381	0.478000	0.503845	
817	0.413709	183	0.819672	5.000000	817	0.413709	0.488000	0.503736	
837	0.412186	163	0.815951	5.000000	837	0.412186	0.478000	0.503561	
855	0.440936	145	0.882759	5.000000	855	0.440936	0.505000	0.503571	
838	0.442721	162	0.864198	5.000000	838	0.442721	0.511000	0.503621	
832	0.396635	168	0.755952	5.000000	832	0.396635	0.457000	0.503310	
844	0.438389	156	0.865385	5.000000	844	0.438389	0.505000	0.503321	
830	0.401205	170	0.852941	5.000000	830	0.401205	0.478000	0.503155	
824	0.430825	176	0.812500	5.000000	824	0.430825	0.498000	0.503121	
846	0.434988	154	0.857143	5.000000	846	0.434988	0.500000	0.503101	
852	0.424883	148	0.837838	5.000000	852	0.424883	0.486000	0.502990	
834	0.411271	166	0.861446	5.000000	834	0.411271	0.486000	0.502881	
828	0.420290	172	0.848837	5.000000	828	0.420290	0.494000	0.502825	
833	0.439376	167	0.832335	5.000000	833	0.439376	0.505000	0.502839	
835	0.392814	165	0.787879	5.000000	835	0.392814	0.458000	0.502557	
809	0.426452	191	0.774869	5.000000	809	0.426452	0.493000	0.502497	
838	0.449881	162	0.814815	5.000000	838	0.449881	0.509000	0.502537	
827	0.437727	173	0.838150	5.000000	827	0.437727	0.507000	0.502565	
833	0.439376	167	0.838323	5.000000	833	0.439376	0.506000	0.502586	
838	0.431981	162	0.845679	5.000000	838	0.431981	0.499000	0.502564	
826	0.395884	174	0.793103	5.000000	826	0.395884	0.465000	0.502336	
833	0.415366	167	0.862275	5.000000	833	0.415366	0.490000	0.502262	
832	0.421875	168	0.803571	5.000000	832	0.421875	0.486000	0.502165	
839	0.400477	161	0.838509	5.000000	839	0.400477	0.471000	0.501979	
827	0.403869	173	0.867052	5.000000	827	0.403869	0.484000	0.501873	
830	0.457831	170	0.852941	5.000000	830	0.457831	0.525000	0.502009	
851	0.432432	149	0.838926	5.000000	851	0.432432	0.493000	0.501956	
840	0.441667	160	0.862500	5.000000	840	0.441667	0.509000	0.501997	
842	0.423990	158	0.822785	5.000000	842	0.423990	0.487000	0.501910	
829	0.418577	171	0.818713	5.000000	829	0.418577	0.487000	0.501825	
832	0.453125	168	0.839286	5.000000	832	0.453125	0.518000	0.501917	
848	0.448113	152	0.809211	5.000000	848	0.448113	0.503000	0.501923	
835	0.398802	165	0.824242	5.000000	835	0.398802	0.469000	0.501737	
846	0.401891	154	0.805195	5.000000	846	0.401891	0.464000	0.501525	
850	0.414118	150	0.860000	5.000000	850	0.414118	0.481000	0.501411	
832	0.407452	168	0.767857	5.000000	832	0.407452	0.468000	0.501225	
821	0.440926	179	0.843575	5.000000	821	0.440926	0.513000	0.501290	
832	0.427885	168	0.845238	5.000000	832	0.427885	0.498000	0.501272	
846	0.414894	154	0.824675	5.000000	846	0.414894	0.478000	0.501145	
832	0.451923	168	0.869048	5.000000	832	0.451923	0.522000	0.501258	
842	0.423990	158	0.879747	5.000000	842	0.423990	0.496000	0.501230	
837	0.432497	163	0.815951	5.000000	837	0.432497	0.495000	0.501196	
801	0.394507	199	0.804020	5.000000	801	0.394507	0.476000	0.501061	
840	0.454762	160	0.868750	5.000000	840	0.454762	0.521000	0.501168	
823	0.400972	177	0.779661	5.000000	823	0.400972	0.468000	0.500992	
826	0.414044	174	0.816092	5.000000	826	0.414044	0.484000	0.500903	
811	0.426634	189	0.793651	5.000000	811	0.426634	0.496000	0.500877	
829	0.420989	171	0.754386	5.000000	829	0.420989	0.478000	0.500758	
838	0.412888	162	0.827160	5.000000	838	0.412888	0.480000	0.500650	
827	0.440145	173	0.855491	5.000000	827	0.440145	0.512000	0.500709	
845	0.439053	155	0.819355	5.000000	845	0.439053	0.498000	0.500695	
839	0.415971	161	0.869565	5.000000	839	0.415971	0.489000	0.500635	
846	0.408983	154	0.785714	5.000000	846	0.408983	0.467000	0.500464	
818	0.424205	182	0.813187	5.000000	818	0.424205	0.495000	0.500437	
829	0.439083	171	0.812865	5.000000	829	0.439083	0.503000	0.500450	
838	0.418854	162	0.796296	5.000000	838	0.418854	0.480000	0.500347	
823	0.449575	177	0.796610	5.000000	823	0.449575	0.511000	0.500400	
819	0.427350	181	0.850829	5.000000	819	0.427350	0.504000	0.500418	
817	0.408813	183	0.819672	5.000000	817	0.408813	0.484000	0.500337	
821	0.411693	179	0.882682	5.000000	821	0.411693	0.496000	0.500316	
828	0.416667	172	0.837209	5.000000	828	0.416667	0.489000	0.500261	
813	0.412054	187	0.796791	5.000000	813	0.412054	0.484000	0.500182	
850	0.427059	150	0.826667	5.000000	850	0.427059	0.487000	0.500118	
849	0.404005	151	0.860927	5.000000	849	0.404005	0.473000	0.499988	
838	0.433174	162	0.864198	5.000000	838	0.433174	0.503000	0.500002	
827	0.425635	173	0.815029	5.000000	827	0.425635	0.493000	0.499969	
834	0.423261	166	0.819277	5.000000	834	0.423261	0.489000	0.499917	
812	0.418719	188	0.797872	5.000000	812	0.418719	0.490000	0.499870	
841	0.404281	159	0.811321	5.000000	841	0.404281	0.469000	0.499725	
830	0.389157	170	0.805882	5.000000	830	0.389157	0.460000	0.499540	
834	0.425659	166	0.843373	5.000000	834	0.425659	0.495000	0.499519	
846	0.452719	154	0.824675	5.000000	846	0.452719	0.510000	0.499567	
822	0.429440	178	0.808989	5.000000	822	0.429440	0.497000	0.499555	
838	0.422434	162	0.820988	5.000000	838	0.422434	0.487000	0.499498	
823	0.416768	177	0.790960	5.000000	823	0.416768	0.483000	0.499422	
838	0.386635	162	0.858025	5.000000	838	0.386635	0.463000	0.499257	
818	0.421760	182	0.774725	5.000000	818	0.421760	0.486000	0.499197	
843	0.425860	157	0.789809	5.000000	843	0.425860	0.483000	0.499124	
833	0.459784	167	0.784431	5.000000	833	0.459784	0.514000	0.499191	
857	0.407235	143	0.818182	5.000000	857	0.407235	0.466000	0.499042	
832	0.433894	168	0.803571	5.000000	832	0.433894	0.496000	0.499029	
836	0.429426	164	0.743902	5.000000	836	0.429426	0.481000	0.498949	
810	0.434568	190	0.826316	5.000000	810	0.434568	0.509000	0.498993	
842	0.464371	158	0.854430	5.000000	842	0.464371	0.526000	0.499112	
831	0.406739	169	0.852071	5.000000	831	0.406739	0.482000	0.499037	
858	0.434732	142	0.823944	5.000000	858	0.434732	0.490000	0.498998	
836	0.415072	164	0.835366	5.000000	836	0.415072	0.484000	0.498933	
841	0.460166	159	0.861635	5.000000	841	0.460166	0.524000	0.499041	
808	0.444307	192	0.838542	5.000000	808	0.444307	0.520000	0.499131	
836	0.418660	164	0.841463	5.000000	836	0.418660	0.488000	0.499083	
843	0.409253	157	0.802548	5.000000	843	0.409253	0.471000	0.498964	
856	0.432243	144	0.868056	5.000000	856	0.432243	0.495000	0.498947	
840	0.423810	160	0.712500	5.000000	840	0.423810	0.470000	0.498825	
835	0.434731	165	0.878788	5.000000	835	0.434731	0.508000	0.498863	
843	0.421115	157	0.815287	5.000000	843	0.421115	0.483000	0.498797	
824	0.438107	176	0.829545	5.000000	824	0.438107	0.507000	0.498831	
814	0.436118	186	0.833333	5.000000	814	0.436118	0.510000	0.498878	
827	0.405079	173	0.832370	5.000000	827	0.405079	0.479000	0.498795	
821	0.440926	179	0.810056	5.000000	821	0.440926	0.507000	0.498829	
839	0.431466	161	0.776398	5.000000	839	0.431466	0.487000	0.498781	
858	0.440559	142	0.852113	5.000000	858	0.440559	0.499000	0.498782	
826	0.415254	174	0.821839	5.000000	826	0.415254	0.486000	0.498730	
813	0.440344	187	0.839572	5.000000	813	0.440344	0.515000	0.498796	
843	0.449585	157	0.789809	5.000000	843	0.449585	0.503000	0.498813	
836	0.443780	164	0.823171	5.000000	836	0.443780	0.506000	0.498841	
833	0.409364	167	0.814371	5.000000	833	0.409364	0.477000	0.498754	
834	0.402878	166	0.825301	5.000000	834	0.402878	0.473000	0.498651	
862	0.457077	138	0.768116	5.000000	862	0.457077	0.500000	0.498657	
837	0.407407	163	0.828221	5.000000	837	0.407407	0.476000	0.498567	
827	0.431681	173	0.791908	5.000000	827	0.431681	0.494000	0.498549	
839	0.430274	161	0.826087	5.000000	839	0.430274	0.494000	0.498531	
830	0.444578	170	0.805882	5.000000	830	0.444578	0.506000	0.498561	
839	0.418355	161	0.844720	5.000000	839	0.418355	0.487000	0.498516	
824	0.418689	176	0.840909	5.000000	824	0.418689	0.493000	0.498494	
819	0.432234	181	0.861878	5.000000	819	0.432234	0.510000	0.498539	
825	0.437576	175	0.862857	5.000000	825	0.437576	0.512000	0.498590	
835	0.437126	165	0.854545	5.000000	835	0.437126	0.506000	0.498619	
821	0.434836	179	0.810056	5.000000	821	0.434836	0.502000	0.498632	
841	0.462545	159	0.855346	5.000000	841	0.462545	0.525000	0.498732	
812	0.428571	188	0.765957	5.000000	812	0.428571	0.492000	0.498706	
823	0.430134	177	0.836158	5.000000	823	0.430134	0.502000	0.498719	
840	0.428571	160	0.762500	5.000000	840	0.428571	0.482000	0.498656	
828	0.409420	172	0.779070	5.000000	828	0.409420	0.473000	0.498560	
820	0.424390	180	0.827778	5.000000	820	0.424390	0.497000	0.498554	
856	0.382009	144	0.868056	5.000000	856	0.382009	0.452000	0.498381	
833	0.418968	167	0.772455	5.000000	833	0.418968	0.478000	0.498306	
848	0.413915	152	0.809211	5.000000	848	0.413915	0.474000	0.498216	
836	0.419856	164	0.810976	5.000000	836	0.419856	0.484000	0.498164	
851	0.410106	149	0.818792	5.000000	851	0.410106	0.471000	0.498064	
845	0.414201	155	0.890323	5.000000	845	0.414201	0.488000	0.498027	
827	0.428053	173	0.832370	5.000000	827	0.428053	0.498000	0.498027	
851	0.444183	149	0.859060	5.000000	851	0.444183	0.506000	0.498056	
827	0.432890	173	0.774566	5.000000	827	0.432890	0.492000	0.498034	
826	0.450363	174	0.879310	5.000000	826	0.450363	0.525000	0.498131	
826	0.456416	174	0.839080	5.000000	826	0.456416	0.523000	0.498220	
833	0.448980	167	0.796407	5.000000	833	0.448980	0.507000	0.498252	
832	0.390625	168	0.779762	5.000000	832	0.390625	0.456000	0.498101	
817	0.414933	183	0.868852	5.000000	817	0.414933	0.498000	0.498101	
826	0.420097	174	0.816092	5.000000	826	0.420097	0.489000	0.498069	
833	0.435774	167	0.802395	5.000000	833	0.435774	0.497000	0.498065	
860	0.455814	140	0.821429	5.000000	860	0.455814	0.507000	0.498096	
854	0.459016	146	0.821918	5.000000	854	0.459016	0.512000	0.498145	
819	0.431013	181	0.861878	5.000000	819	0.431013	0.509000	0.498183	
838	0.429594	162	0.790123	5.000000	838	0.429594	0.488000	0.498148	
844	0.444313	156	0.865385	5.000000	844	0.444313	0.510000	0.498189	
849	0.441696	151	0.834437	5.000000	849	0.441696	0.501000	0.498198	
823	0.433779	177	0.847458	5.000000	823	0.433779	0.507000	0.498229	
823	0.443499	177	0.813559	5.000000	823	0.443499	0.509000	0.498265	
827	0.419589	173	0.849711	5.000000	827	0.419589	0.494000	0.498251	
829	0.441496	171	0.801170	5.000000	829	0.441496	0.503000	0.498267	
829	0.406514	171	0.771930	5.000000	829	0.406514	0.469000	0.498168	
822	0.435523	178	0.803371	5.000000	822	0.435523	0.501000	0.498177	
838	0.410501	162	0.833333	5.000000	838	0.410501	0.479000	0.498113	
823	0.411908	177	0.841808	5.000000	823	0.411908	0.488000	0.498079	
826	0.420097	174	0.839080	5.000000	826	0.420097	0.493000	0.498062	
836	0.418660	164	0.792683	5.000000	836	0.418660	0.480000	0.498002	
862	0.410673	138	0.797101	5.000000	862	0.410673	0.464000	0.497889	
819	0.404151	181	0.806630	5.000000	819	0.404151	0.477000	0.497820	
826	0.423729	174	0.798851	5.000000	826	0.423729	0.489000	0.497790	
828	0.450483	172	0.872093	5.000000	828	0.450483	0.523000	0.497873	
845	0.429586	155	0.858065	5.000000	845	0.429586	0.496000	0.497867	
835	0.451497	165	0.733333	5.000000	835	0.451497	0.498000	0.497868	
828	0.398551	172	0.802326	5.000000	828	0.398551	0.468000	0.497770	
819	0.410256	181	0.784530	5.000000	819	0.410256	0.478000	0.497706	
827	0.422007	173	0.826590	5.000000	827	0.422007	0.492000	0.497688	
858	0.412587	142	0.838028	5.000000	858	0.412587	0.473000	0.497608	
848	0.445755	152	0.809211	5.000000	848	0.445755	0.501000	0.497619	
842	0.450119	158	0.867089	5.000000	842	0.450119	0.516000	0.497678	
822	0.427007	178	0.808989	5.000000	822	0.427007	0.495000	0.497669	
846	0.423168	154	0.785714	5.000000	846	0.423168	0.479000	0.497610	
837	0.446834	163	0.809816	5.000000	837	0.446834	0.506000	0.497637	
827	0.399033	173	0.826590	5.000000	827	0.399033	0.473000	0.497559	
842	0.470309	158	0.835443	5.000000	842	0.470309	0.528000	0.497655	
830	0.424096	170	0.776471	5.000000	830	0.424096	0.484000	0.497612	
835	0.444311	165	0.775758	5.000000	835	0.444311	0.499000	0.497616	
821	0.432400	179	0.754190	5.000000	821	0.432400	0.490000	0.497592	
837	0.437276	163	0.791411	5.000000	837	0.437276	0.495000	0.497584	
840	0.439286	160	0.881250	5.000000	840	0.439286	0.510000	0.497623	
827	0.415961	173	0.832370	5.000000	827	0.415961	0.488000	0.497593	
825	0.415758	175	0.828571	5.000000	825	0.415758	0.488000	0.497563	
841	0.399524	159	0.867925	5.000000	841	0.399524	0.474000	0.497491	
840	0.420238	160	0.868750	5.000000	840	0.420238	0.492000	0.497474	
819	0.407814	181	0.834254	5.000000	819	0.407814	0.485000	0.497436	
865	0.427746	135	0.859259	5.000000	865	0.427746	0.486000	0.497401	
840	0.460714	160	0.868750	5.000000	840	0.460714	0.526000	0.497488	
825	0.397576	175	0.788571	5.000000	825	0.397576	0.466000	0.497392	
837	0.433692	163	0.785276	5.000000	837	0.433692	0.491000	0.497373	
848	0.444575	152	0.828947	5.000000	848	0.444575	0.503000	0.497390	
835	0.411976	165	0.800000	5.000000	835	0.411976	0.476000	0.497326	
826	0.437046	174	0.890805	5.000000	826	0.437046	0.516000	0.497382	
839	0.435042	161	0.863354	5.000000	839	0.435042	0.504000	0.497402	
839	0.386174	161	0.819876	5.000000	839	0.386174	0.456000	0.497278	
805	0.370186	195	0.830769	5.000000	805	0.370186	0.460000	0.497168	
817	0.424725	183	0.830601	5.000000	817	0.424725	0.499000	0.497173	
856	0.372664	144	0.812500	5.000000	856	0.372664	0.436000	0.496993	
835	0.411976	165	0.830303	5.000000	835	0.411976	0.481000	0.496946	
812	0.419951	188	0.872340	5.000000	812	0.419951	0.505000	0.496969	
838	0.426014	162	0.858025	5.000000	838	0.426014	0.496000	0.496966	
836	0.437799	164	0.737805	5.000000	836	0.437799	0.487000	0.496937	
840	0.407143	160	0.800000	5.000000	840	0.407143	0.470000	0.496859	
834	0.402878	166	0.819277	5.000000	834	0.402878	0.472000	0.496787	
836	0.453349	164	0.810976	5.000000	836	0.453349	0.512000	0.496831	
835	0.377246	165	0.842424	5.000000	835	0.377246	0.454000	0.496708	
841	0.404281	159	0.830189	5.000000	841	0.404281	0.472000	0.496637	
818	0.432763	182	0.857143	5.000000	818	0.432763	0.510000	0.496675	
843	0.418743	157	0.834395	5.000000	843	0.418743	0.484000	0.496639	
843	0.435350	157	0.815287	5.000000	843	0.435350	0.495000	0.496634	
862	0.450116	138	0.811594	5.000000	862	0.450116	0.500000	0.496643	
839	0.430274	161	0.813665	5.000000	839	0.430274	0.492000	0.496630	
829	0.418577	171	0.877193	5.000000	829	0.418577	0.497000	0.496631	
809	0.407911	191	0.837696	5.000000	809	0.407911	0.490000	0.496613	
840	0.450000	160	0.843750	5.000000	840	0.450000	0.513000	0.496659	
846	0.411348	154	0.831169	5.000000	846	0.411348	0.476000	0.496601	
842	0.425178	158	0.835443	5.000000	842	0.425178	0.490000	0.496582	
841	0.434007	159	0.836478	5.000000	841	0.434007	0.498000	0.496586	
842	0.408551	158	0.746835	5.000000	842	0.408551	0.462000	0.496490	
832	0.413462	168	0.839286	5.000000	832	0.413462	0.485000	0.496458	
835	0.422754	165	0.836364	5.000000	835	0.422754	0.491000	0.496443	
840	0.421429	160	0.875000	5.000000	840	0.421429	0.494000	0.496437	
861	0.439024	139	0.834532	5.000000	861	0.439024	0.494000	0.496430	
834	0.423261	166	0.819277	5.000000	834	0.423261	0.489000	0.496410	
832	0.430288	168	0.827381	5.000000	832	0.430288	0.497000	0.496411	
844	0.444313	156	0.839744	5.000000	844	0.444313	0.506000	0.496437	
860	0.427907	140	0.871429	5.000000	860	0.427907	0.490000	0.496420	
834	0.442446	166	0.801205	5.000000	834	0.442446	0.502000	0.496435	
841	0.419738	159	0.836478	5.000000	841	0.419738	0.486000	0.496407	
838	0.436754	162	0.820988	5.000000	838	0.436754	0.499000	0.496414	
831	0.417569	169	0.863905	5.000000	831	0.417569	0.493000	0.496405	
833	0.447779	167	0.832335	5.000000	833	0.447779	0.512000	0.496446	
834	0.414868	166	0.783133	5.000000	834	0.414868	0.476000	0.496392	
829	0.408926	171	0.777778	5.000000	829	0.408926	0.472000	0.496327	
844	0.413507	156	0.878205	5.000000	844	0.413507	0.486000	0.496299	
842	0.393112	158	0.791139	5.000000	842	0.393112	0.456000	0.496192	
812	0.437192	188	0.824468	5.000000	812	0.437192	0.510000	0.496229	
836	0.444976	164	0.743902	5.000000	836	0.444976	0.494000	0.496223	
825	0.421818	175	0.851429	5.000000	825	0.421818	0.497000	0.496225	
835	0.494611	165	0.775758	5.000000	835	0.494611	0.541000	0.496343	
801	0.425718	199	0.839196	5.000000	801	0.425718	0.508000	0.496373	
801	0.425718	199	0.849246	5.000000	801	0.425718	0.510000	0.496409	
820	0.412195	180	0.800000	5.000000	820	0.412195	0.482000	0.496371	
816	0.409314	184	0.788043	5.000000	816	0.409314	0.479000	0.496326	
834	0.422062	166	0.879518	5.000000	834	0.422062	0.498000	0.496330	
824	0.447816	176	0.840909	5.000000	824	0.447816	0.517000	0.496384	
836	0.437799	164	0.792683	5.000000	836	0.437799	0.496000	0.496383	
848	0.448113	152	0.842105	5.000000	848	0.448113	0.508000	0.496413	
854	0.406323	146	0.869863	5.000000	854	0.406323	0.474000	0.496355	
816	0.420343	184	0.902174	5.000000	816	0.420343	0.509000	0.496387	
850	0.412941	150	0.873333	5.000000	850	0.412941	0.482000	0.496351	
825	0.378182	175	0.845714	5.000000	825	0.378182	0.460000	0.496258	
841	0.455410	159	0.842767	5.000000	841	0.455410	0.517000	0.496311	
842	0.447743	158	0.886076	5.000000	842	0.447743	0.517000	0.496363	
813	0.424354	187	0.834225	5.000000	813	0.424354	0.501000	0.496375	
826	0.422518	174	0.873563	5.000000	826	0.422518	0.501000	0.496387	
827	0.411125	173	0.803468	5.000000	827	0.411125	0.479000	0.496343	
840	0.430952	160	0.831250	5.000000	840	0.430952	0.495000	0.496340	
812	0.417488	188	0.813830	5.000000	812	0.417488	0.492000	0.496329	
813	0.408364	187	0.780749	5.000000	813	0.408364	0.478000	0.496283	
836	0.454545	164	0.810976	5.000000	836	0.454545	0.513000	0.496325	
831	0.410349	169	0.810651	5.000000	831	0.410349	0.478000	0.496279	
840	0.419048	160	0.862500	5.000000	840	0.419048	0.490000	0.496264	
840	0.440476	160	0.818750	5.000000	840	0.440476	0.501000	0.496275	
828	0.446860	172	0.854651	5.000000	828	0.446860	0.517000	0.496326	
843	0.432977	157	0.872611	5.000000	843	0.432977	0.502000	0.496340	
814	0.415233	186	0.822581	5.000000	814	0.415233	0.491000	0.496327	
832	0.419471	168	0.827381	5.000000	832	0.419471	0.488000	0.496307	
837	0.418160	163	0.785276	5.000000	837	0.418160	0.478000	0.496262	
851	0.459459	149	0.791946	5.000000	851	0.459459	0.509000	0.496293	
842	0.435867	158	0.803797	5.000000	842	0.435867	0.494000	0.496288	
836	0.401914	164	0.841463	5.000000	836	0.401914	0.474000	0.496234	
817	0.396573	183	0.770492	5.000000	817	0.396573	0.465000	0.496158	
841	0.426873	159	0.830189	5.000000	841	0.426873	0.491000	0.496146	
827	0.428053	173	0.803468	5.000000	827	0.428053	0.493000	0.496138	
849	0.442874	151	0.827815	5.000000	849	0.442874	0.501000	0.496150	
814	0.382064	186	0.844086	5.000000	814	0.382064	0.468000	0.496083	
849	0.386337	151	0.827815	5.000000	849	0.386337	0.453000	0.495980	
807	0.396530	193	0.844560	5.000000	807	0.396530	0.483000	0.495949	
831	0.434416	169	0.857988	5.000000	831	0.434416	0.506000	0.495973	
838	0.443914	162	0.833333	5.000000	838	0.443914	0.507000	0.495999	
821	0.427527	179	0.843575	5.000000	821	0.427527	0.502000	0.496013	
845	0.415385	155	0.870968	5.000000	845	0.415385	0.486000	0.495989	
839	0.431466	161	0.801242	5.000000	839	0.431466	0.491000	0.495978	
848	0.451651	152	0.815789	5.000000	848	0.451651	0.507000	0.496004	
833	0.445378	167	0.820359	5.000000	833	0.445378	0.508000	0.496032	
833	0.447779	167	0.784431	5.000000	833	0.447779	0.504000	0.496050	
842	0.407363	158	0.772152	5.000000	842	0.407363	0.465000	0.495978	
835	0.419162	165	0.830303	5.000000	835	0.419162	0.487000	0.495957	
810	0.372840	190	0.800000	5.000000	810	0.372840	0.454000	0.495860	
830	0.445783	170	0.829412	5.000000	830	0.445783	0.511000	0.495895	
833	0.433373	167	0.820359	5.000000	833	0.433373	0.498000	0.495900	
837	0.437276	163	0.846626	5.000000	837	0.437276	0.504000	0.495918	
811	0.440197	189	0.835979	5.000000	811	0.440197	0.515000	0.495962	
829	0.452352	171	0.812865	5.000000	829	0.452352	0.514000	0.496003	
854	0.409836	146	0.869863	5.000000	854	0.409836	0.477000	0.495960	
822	0.472019	178	0.814607	5.000000	822	0.472019	0.533000	0.496045	
817	0.443084	183	0.814208	5.000000	817	0.443084	0.511000	0.496079	
860	0.422093	140	0.821429	5.000000	860	0.422093	0.478000	0.496038	
828	0.435990	172	0.831395	5.000000	828	0.435990	0.504000	0.496056	
849	0.435807	151	0.867550	5.000000	849	0.435807	0.501000	0.496067	
841	0.437574	159	0.830189	5.000000	841	0.437574	0.500000	0.496076	
847	0.445100	153	0.869281	5.000000	847	0.445100	0.510000	0.496107	
814	0.423833	186	0.811828	5.000000	814	0.423833	0.496000	0.496107	
815	0.417178	185	0.816216	5.000000	815	0.417178	0.491000	0.496095	
822	0.447689	178	0.786517	5.000000	822	0.447689	0.508000	0.496122	
842	0.446556	158	0.860759	5.000000	842	0.446556	0.512000	0.496157	
822	0.412409	178	0.876404	5.000000	822	0.412409	0.495000	0.496155	
830	0.420482	170	0.758824	5.000000	830	0.420482	0.478000	0.496114	
831	0.418773	169	0.769231	5.000000	831	0.418773	0.478000	0.496074	
827	0.436518	173	0.838150	5.000000	827	0.436518	0.506000	0.496096	
816	0.435049	184	0.880435	5.000000	816	0.435049	0.517000	0.496142	
837	0.433692	163	0.828221	5.000000	837	0.433692	0.498000	0.496146	
834	0.458034	166	0.861446	5.000000	834	0.458034	0.525000	0.496210	
830	0.457831	170	0.876471	5.000000	830	0.457831	0.529000	0.496282	
830	0.391566	170	0.829412	5.000000	830	0.391566	0.466000	0.496216	
845	0.417751	155	0.890323	5.000000	845	0.417751	0.491000	0.496204	
818	0.421760	182	0.840659	5.000000	818	0.421760	0.498000	0.496208	
822	0.424574	178	0.803371	5.000000	822	0.424574	0.492000	0.496199	
857	0.437573	143	0.818182	5.000000	857	0.437573	0.492000	0.496190	
828	0.439614	172	0.819767	5.000000	828	0.439614	0.505000	0.496209	
827	0.402660	173	0.855491	5.000000	827	0.402660	0.481000	0.496176	
835	0.417964	165	0.848485	5.000000	835	0.417964	0.489000	0.496161	
794	0.420655	206	0.839806	5.000000	794	0.420655	0.507000	0.496184	
848	0.423349	152	0.888158	5.000000	848	0.423349	0.494000	0.496179	
823	0.426488	177	0.807910	5.000000	823	0.426488	0.494000	0.496175	
850	0.430588	150	0.820000	5.000000	850	0.430588	0.489000	0.496159	
843	0.435350	157	0.840764	5.000000	843	0.435350	0.499000	0.496165	
820	0.410976	180	0.866667	5.000000	820	0.410976	0.493000	0.496159	
805	0.412422	195	0.830769	5.000000	805	0.412422	0.494000	0.496154	
821	0.431181	179	0.776536	5.000000	821	0.431181	0.493000	0.496147	
830	0.415663	170	0.811765	5.000000	830	0.415663	0.483000	0.496119	
816	0.426471	184	0.864130	5.000000	816	0.426471	0.507000	0.496142	
803	0.445828	197	0.791878	5.000000	803	0.445828	0.514000	0.496180	
840	0.380952	160	0.768750	5.000000	840	0.380952	0.443000	0.496068	
822	0.407543	178	0.842697	5.000000	822	0.407543	0.485000	0.496045	
838	0.426014	162	0.796296	5.000000	838	0.426014	0.486000	0.496024	
807	0.439901	193	0.834197	5.000000	807	0.439901	0.516000	0.496066	
818	0.440098	182	0.818681	5.000000	818	0.440098	0.509000	0.496093	
829	0.410133	171	0.812865	5.000000	829	0.410133	0.479000	0.496057	
829	0.416164	171	0.801170	5.000000	829	0.416164	0.482000	0.496028	
853	0.398593	147	0.823129	5.000000	853	0.398593	0.461000	0.495955	
843	0.408066	157	0.847134	5.000000	843	0.408066	0.477000	0.495916	
837	0.428913	163	0.809816	5.000000	837	0.428913	0.491000	0.495906	
834	0.428058	166	0.849398	5.000000	834	0.428058	0.498000	0.495911	
844	0.406398	156	0.769231	5.000000	844	0.406398	0.463000	0.495843	
827	0.423216	173	0.826590	5.000000	827	0.423216	0.493000	0.495837	
816	0.410539	184	0.836957	5.000000	816	0.410539	0.489000	0.495823	
828	0.435990	172	0.784884	5.000000	828	0.435990	0.496000	0.495823	
831	0.413959	169	0.863905	5.000000	831	0.413959	0.490000	0.495812	
837	0.412186	163	0.828221	5.000000	837	0.412186	0.480000	0.495779	
842	0.381235	158	0.778481	5.000000	842	0.381235	0.444000	0.495674	
860	0.430233	140	0.871429	5.000000	860	0.430233	0.492000	0.495667	
798	0.444862	202	0.826733	5.000000	798	0.444862	0.522000	0.495720	
828	0.410628	172	0.802326	5.000000	828	0.410628	0.478000	0.495684	
806	0.426799	194	0.840206	5.000000	806	0.426799	0.507000	0.495707	
848	0.441038	152	0.868421	5.000000	848	0.441038	0.506000	0.495728	
839	0.454112	161	0.782609	5.000000	839	0.454112	0.507000	0.495751	
837	0.426523	163	0.785276	5.000000	837	0.426523	0.485000	0.495729	
809	0.440049	191	0.774869	5.000000	809	0.440049	0.504000	0.495746	
834	0.426859	166	0.801205	5.000000	834	0.426859	0.489000	0.495732	
853	0.433763	147	0.836735	5.000000	853	0.433763	0.493000	0.495727	
807	0.423792	193	0.787565	5.000000	807	0.423792	0.494000	0.495723	
837	0.432497	163	0.865031	5.000000	837	0.432497	0.503000	0.495738	
839	0.408820	161	0.863354	5.000000	839	0.408820	0.482000	0.495710	
847	0.429752	153	0.928105	5.000000	847	0.429752	0.506000	0.495731	
846	0.430260	154	0.824675	5.000000	846	0.430260	0.491000	0.495721	
858	0.400932	142	0.823944	5.000000	858	0.400932	0.461000	0.495653	
849	0.427562	151	0.788079	5.000000	849	0.427562	0.482000	0.495626	
838	0.439141	162	0.802469	5.000000	838	0.439141	0.498000	0.495631	
836	0.392344	164	0.847561	5.000000	836	0.392344	0.467000	0.495575	
853	0.458382	147	0.823129	5.000000	853	0.458382	0.512000	0.495607	
867	0.453287	133	0.842105	5.000000	867	0.453287	0.505000	0.495625	
837	0.419355	163	0.815951	5.000000	837	0.419355	0.484000	0.495603	
859	0.421420	141	0.865248	5.000000	859	0.421420	0.484000	0.495580	
838	0.453461	162	0.827160	5.000000	838	0.453461	0.514000	0.495616	
844	0.428910	156	0.833333	5.000000	844	0.428910	0.492000	0.495609	
861	0.436702	139	0.798561	5.000000	861	0.436702	0.487000	0.495592	
827	0.397823	173	0.797688	5.000000	827	0.397823	0.467000	0.495538	
834	0.412470	166	0.819277	5.000000	834	0.412470	0.480000	0.495508	
861	0.419280	139	0.820144	5.000000	861	0.419280	0.475000	0.495468	
832	0.429087	168	0.821429	5.000000	832	0.429087	0.495000	0.495468	
812	0.418719	188	0.819149	5.000000	812	0.418719	0.494000	0.495465	
835	0.437126	165	0.854545	5.000000	835	0.437126	0.506000	0.495485	
819	0.401709	181	0.850829	5.000000	819	0.401709	0.483000	0.495461	
820	0.414634	180	0.883333	5.000000	820	0.414634	0.499000	0.495468	
844	0.439573	156	0.833333	5.000000	844	0.439573	0.501000	0.495478	
827	0.422007	173	0.791908	5.000000	827	0.422007	0.486000	0.495460	
828	0.414251	172	0.860465	5.000000	828	0.414251	0.491000	0.495452	
836	0.419856	164	0.853659	5.000000	836	0.419856	0.491000	0.495444	
854	0.462529	146	0.835616	5.000000	854	0.462529	0.517000	0.495484	
831	0.407942	169	0.828402	5.000000	831	0.407942	0.479000	0.495453	
822	0.405109	178	0.865169	5.000000	822	0.405109	0.487000	0.495437	
833	0.409364	167	0.844311	5.000000	833	0.409364	0.482000	0.495412	
849	0.447585	151	0.801325	5.000000	849	0.447585	0.501000	0.495423	
828	0.419082	172	0.854651	5.000000	828	0.419082	0.494000	0.495420	
815	0.440491	185	0.827027	5.000000	815	0.440491	0.512000	0.495451	
814	0.410319	186	0.795699	5.000000	814	0.410319	0.482000	0.495426	
823	0.430134	177	0.779661	5.000000	823	0.430134	0.492000	0.495419	
831	0.436823	169	0.775148	5.000000	831	0.436823	0.494000	0.495417	
811	0.385943	189	0.793651	5.000000	811	0.385943	0.463000	0.495357	
831	0.433213	169	0.863905	5.000000	831	0.433213	0.506000	0.495377	
835	0.383234	165	0.836364	5.000000	835	0.383234	0.458000	0.495308	
858	0.426573	142	0.880282	5.000000	858	0.426573	0.491000	0.495300	
825	0.460606	175	0.794286	5.000000	825	0.460606	0.519000	0.495343	
815	0.415951	185	0.859459	5.000000	815	0.415951	0.498000	0.495348	
836	0.437799	164	0.774390	5.000000	836	0.437799	0.493000	0.495344	
837	0.454002	163	0.828221	5.000000	837	0.454002	0.515000	0.495380	
859	0.436554	141	0.872340	5.000000	859	0.436554	0.498000	0.495385	
827	0.392987	173	0.815029	5.000000	827	0.392987	0.466000	0.495331	
821	0.436054	179	0.860335	5.000000	821	0.436054	0.512000	0.495361	
822	0.405109	178	0.848315	5.000000	822	0.405109	0.484000	0.495341	
821	0.447016	179	0.810056	5.000000	821	0.447016	0.512000	0.495371	
831	0.434416	169	0.822485	5.000000	831	0.434416	0.500000	0.495379	
834	0.408873	166	0.765060	5.000000	834	0.408873	0.468000	0.495330	
825	0.425455	175	0.840000	5.000000	825	0.425455	0.498000	0.495335	
844	0.452607	156	0.833333	5.000000	844	0.452607	0.512000	0.495365	
813	0.421894	187	0.828877	5.000000	813	0.421894	0.498000	0.495369	
822	0.429440	178	0.859551	5.000000	822	0.429440	0.506000	0.495388	
790	0.359494	210	0.819048	5.000000	790	0.359494	0.456000	0.495318	
838	0.428401	162	0.864198	5.000000	838	0.428401	0.499000	0.495325	
826	0.417676	174	0.862069	5.000000	826	0.417676	0.495000	0.495324	
832	0.421875	168	0.755952	5.000000	832	0.421875	0.478000	0.495293	
820	0.417073	180	0.761111	5.000000	820	0.417073	0.479000	0.495265	
866	0.420323	134	0.850746	5.000000	866	0.420323	0.478000	0.495234	
825	0.412121	175	0.834286	5.000000	825	0.412121	0.486000	0.495218	
815	0.429448	185	0.832432	5.000000	815	0.429448	0.504000	0.495233	
839	0.424315	161	0.788820	5.000000	839	0.424315	0.483000	0.495212	
834	0.408873	166	0.873494	5.000000	834	0.408873	0.486000	0.495196	
804	0.431592	196	0.785714	5.000000	804	0.431592	0.501000	0.495206	
836	0.406699	164	0.823171	5.000000	836	0.406699	0.475000	0.495170	
866	0.430716	134	0.813433	5.000000	866	0.430716	0.482000	0.495147	
839	0.460072	161	0.850932	5.000000	839	0.460072	0.523000	0.495196	
824	0.446602	176	0.789773	5.000000	824	0.446602	0.507000	0.495217	
834	0.443645	166	0.795181	5.000000	834	0.443645	0.502000	0.495228	
836	0.407895	164	0.871951	5.000000	836	0.407895	0.484000	0.495209	
837	0.463560	163	0.822086	5.000000	837	0.463560	0.522000	0.495255	
829	0.390832	171	0.847953	5.000000	829	0.390832	0.469000	0.495210	
838	0.447494	162	0.858025	5.000000	838	0.447494	0.514000	0.495242	
835	0.411976	165	0.812121	5.000000	835	0.411976	0.478000	0.495213	
850	0.461176	150	0.886667	5.000000	850	0.461176	0.525000	0.495264	
803	0.422167	197	0.796954	5.000000	803	0.422167	0.496000	0.495265	
804	0.434080	196	0.806122	5.000000	804	0.434080	0.507000	0.495285	
828	0.435990	172	0.819767	5.000000	828	0.435990	0.502000	0.495297	
818	0.448655	182	0.829670	5.000000	818	0.448655	0.518000	0.495335	
850	0.404706	150	0.793333	5.000000	850	0.404706	0.463000	0.495280	
827	0.447400	173	0.774566	5.000000	827	0.447400	0.504000	0.495295	
832	0.400240	168	0.839286	5.000000	832	0.400240	0.474000	0.495259	
829	0.430639	171	0.859649	5.000000	829	0.430639	0.504000	0.495274	
820	0.441463	180	0.794444	5.000000	820	0.441463	0.505000	0.495290	
833	0.424970	167	0.844311	5.000000	833	0.424970	0.495000	0.495290	
841	0.428062	159	0.823899	5.000000	841	0.428062	0.491000	0.495282	
823	0.414338	177	0.870056	5.000000	823	0.414338	0.495000	0.495282	
834	0.416067	166	0.795181	5.000000	834	0.416067	0.479000	0.495255	
828	0.455314	172	0.837209	5.000000	828	0.455314	0.521000	0.495298	
825	0.435152	175	0.811429	5.000000	825	0.435152	0.501000	0.495307	
811	0.415536	189	0.867725	5.000000	811	0.415536	0.501000	0.495317	
846	0.421986	154	0.798701	5.000000	846	0.421986	0.480000	0.495291	
818	0.409535	182	0.851648	5.000000	818	0.409535	0.490000	0.495283	
822	0.423358	178	0.808989	5.000000	822	0.423358	0.492000	0.495277	
819	0.444444	181	0.867403	5.000000	819	0.444444	0.521000	0.495320	
814	0.359951	186	0.833333	5.000000	814	0.359951	0.448000	0.495241	
840	0.433333	160	0.806250	5.000000	840	0.433333	0.493000	0.495238	
853	0.426729	147	0.829932	5.000000	853	0.426729	0.486000	0.495222	
843	0.416370	157	0.847134	5.000000	843	0.416370	0.484000	0.495204	
840	0.446429	160	0.775000	5.000000	840	0.446429	0.499000	0.495210	
828	0.417874	172	0.848837	5.000000	828	0.417874	0.492000	0.495205	
825	0.419394	175	0.817143	5.000000	825	0.419394	0.489000	0.495195	
828	0.411836	172	0.813953	5.000000	828	0.411836	0.481000	0.495171	
810	0.428395	190	0.810526	5.000000	810	0.428395	0.501000	0.495181	
825	0.403636	175	0.782857	5.000000	825	0.403636	0.470000	0.495140	
840	0.450000	160	0.868750	5.000000	840	0.450000	0.517000	0.495175	
822	0.395377	178	0.859551	5.000000	822	0.395377	0.478000	0.495147	
847	0.448642	153	0.836601	5.000000	847	0.448642	0.508000	0.495168	
868	0.425115	132	0.757576	5.000000	868	0.425115	0.469000	0.495126	
839	0.386174	161	0.832298	5.000000	839	0.386174	0.458000	0.495066	
844	0.439573	156	0.743590	5.000000	844	0.439573	0.487000	0.495053	
827	0.406288	173	0.872832	5.000000	827	0.406288	0.487000	0.495040	
854	0.450820	146	0.828767	5.000000	854	0.450820	0.506000	0.495057	
830	0.440964	170	0.805882	5.000000	830	0.440964	0.503000	0.495070	
824	0.450243	176	0.835227	5.000000	824	0.450243	0.518000	0.495107	
842	0.456057	158	0.803797	5.000000	842	0.456057	0.511000	0.495132	
836	0.407895	164	0.823171	5.000000	836	0.407895	0.476000	0.495102	
845	0.391716	155	0.825806	5.000000	845	0.391716	0.459000	0.495044	
835	0.441916	165	0.824242	5.000000	835	0.441916	0.505000	0.495060	
827	0.434099	173	0.797688	5.000000	827	0.434099	0.497000	0.495063	
823	0.411908	177	0.813559	5.000000	823	0.411908	0.483000	0.495044	
834	0.418465	166	0.807229	5.000000	834	0.418465	0.483000	0.495025	
834	0.424460	166	0.843373	5.000000	834	0.424460	0.494000	0.495023	
823	0.405832	177	0.841808	5.000000	823	0.405832	0.483000	0.495004	
835	0.410778	165	0.787879	5.000000	835	0.410778	0.473000	0.494969	
839	0.418355	161	0.801242	5.000000	839	0.418355	0.480000	0.494946	
848	0.428066	152	0.848684	5.000000	848	0.428066	0.492000	0.494941	
835	0.419162	165	0.842424	5.000000	835	0.419162	0.489000	0.494932	
862	0.435035	138	0.884058	5.000000	862	0.435035	0.497000	0.494935	
828	0.422705	172	0.808140	5.000000	828	0.422705	0.489000	0.494925	
838	0.446301	162	0.839506	5.000000	838	0.446301	0.510000	0.494949	
825	0.442424	175	0.805714	5.000000	825	0.442424	0.506000	0.494966	
830	0.437349	170	0.823529	5.000000	830	0.437349	0.503000	0.494979	
824	0.424757	176	0.852273	5.000000	824	0.424757	0.500000	0.494987	
824	0.433252	176	0.789773	5.000000	824	0.433252	0.496000	0.494988	
843	0.400949	157	0.783439	5.000000	843	0.400949	0.461000	0.494935	
842	0.425178	158	0.784810	5.000000	842	0.425178	0.482000	0.494915	
831	0.452467	169	0.857988	5.000000	831	0.452467	0.521000	0.494956	
822	0.433090	178	0.797753	5.000000	822	0.433090	0.498000	0.494961	
814	0.436118	186	0.827957	5.000000	814	0.436118	0.509000	0.494982	
827	0.409915	173	0.838150	5.000000	827	0.409915	0.484000	0.494965	
830	0.397590	170	0.847059	5.000000	830	0.397590	0.474000	0.494933	
809	0.426452	191	0.853403	5.000000	809	0.426452	0.508000	0.494953	
832	0.421875	168	0.797619	5.000000	832	0.421875	0.485000	0.494938	
830	0.419277	170	0.847059	5.000000	830	0.419277	0.492000	0.494933	
836	0.428230	164	0.859756	5.000000	836	0.428230	0.499000	0.494940	
795	0.421384	205	0.863415	5.000000	795	0.421384	0.512000	0.494966	
835	0.422754	165	0.842424	5.000000	835	0.422754	0.492000	0.494961	
815	0.430675	185	0.902703	5.000000	815	0.430675	0.518000	0.494996	
840	0.442857	160	0.831250	5.000000	840	0.442857	0.505000	0.495011	
837	0.433692	163	0.748466	5.000000	837	0.433692	0.485000	0.494996	
854	0.421546	146	0.883562	5.000000	854	0.421546	0.489000	0.494987	
802	0.402743	198	0.838384	5.000000	802	0.402743	0.489000	0.494978	
838	0.467780	162	0.839506	5.000000	838	0.467780	0.528000	0.495028	
837	0.391876	163	0.791411	5.000000	837	0.391876	0.457000	0.494971	
842	0.450119	158	0.797468	5.000000	842	0.450119	0.505000	0.494986	
850	0.414118	150	0.820000	5.000000	850	0.414118	0.475000	0.494956	
842	0.431116	158	0.772152	5.000000	842	0.431116	0.485000	0.494941	
829	0.441496	171	0.824561	5.000000	829	0.441496	0.507000	0.494959	
799	0.413016	201	0.840796	5.000000	799	0.413016	0.499000	0.494965	
839	0.425507	161	0.857143	5.000000	839	0.425507	0.495000	0.494965	
835	0.385629	165	0.860606	5.000000	835	0.385629	0.464000	0.494919	
839	0.414779	161	0.813665	5.000000	839	0.414779	0.479000	0.494895	
841	0.431629	159	0.830189	5.000000	841	0.431629	0.495000	0.494895	
818	0.424205	182	0.818681	5.000000	818	0.424205	0.496000	0.494897	
845	0.403550	155	0.819355	5.000000	845	0.403550	0.468000	0.494857	
838	0.449881	162	0.858025	5.000000	838	0.449881	0.516000	0.494888	
836	0.380383	164	0.853659	5.000000	836	0.380383	0.458000	0.494833	
851	0.412456	149	0.832215	5.000000	851	0.412456	0.475000	0.494804	
831	0.444043	169	0.881657	5.000000	831	0.444043	0.518000	0.494838	
840	0.441667	160	0.793750	5.000000	840	0.441667	0.498000	0.494843	
838	0.429594	162	0.827160	5.000000	838	0.429594	0.494000	0.494842	
841	0.466112	159	0.811321	5.000000	841	0.466112	0.521000	0.494880	
838	0.408115	162	0.802469	5.000000	838	0.408115	0.472000	0.494847	
821	0.456760	179	0.787709	5.000000	821	0.456760	0.516000	0.494878	
837	0.413381	163	0.840491	5.000000	837	0.413381	0.483000	0.494860	
803	0.438356	197	0.888325	5.000000	803	0.438356	0.527000	0.494907	
845	0.431953	155	0.800000	5.000000	845	0.431953	0.489000	0.494899	
840	0.427381	160	0.787500	5.000000	840	0.427381	0.485000	0.494884	
842	0.378860	158	0.841772	5.000000	842	0.378860	0.452000	0.494822	
822	0.467153	178	0.853933	5.000000	822	0.467153	0.536000	0.494882	
847	0.414404	153	0.862745	5.000000	847	0.414404	0.483000	0.494864	
812	0.442118	188	0.856383	5.000000	812	0.442118	0.520000	0.494901	
823	0.442284	177	0.836158	5.000000	823	0.442284	0.512000	0.494925	
842	0.435867	158	0.822785	5.000000	842	0.435867	0.497000	0.494928	
854	0.412178	146	0.835616	5.000000	854	0.412178	0.474000	0.494898	
843	0.396204	157	0.840764	5.000000	843	0.396204	0.466000	0.494857	
837	0.452808	163	0.840491	5.000000	837	0.452808	0.516000	0.494887	
826	0.461259	174	0.850575	5.000000	826	0.461259	0.529000	0.494936	
812	0.413793	188	0.861702	5.000000	812	0.413793	0.498000	0.494940	
826	0.441889	174	0.816092	5.000000	826	0.441889	0.507000	0.494958	
831	0.421179	169	0.816568	5.000000	831	0.421179	0.488000	0.494948	
851	0.408931	149	0.832215	5.000000	851	0.408931	0.472000	0.494915	
841	0.432818	159	0.786164	5.000000	841	0.432818	0.489000	0.494907	
821	0.426309	179	0.787709	5.000000	821	0.426309	0.491000	0.494901	
832	0.415865	168	0.875000	5.000000	832	0.415865	0.493000	0.494898	
814	0.418919	186	0.838710	5.000000	814	0.418919	0.497000	0.494901	
841	0.414982	159	0.805031	5.000000	841	0.414982	0.477000	0.494876	
844	0.398104	156	0.820513	5.000000	844	0.398104	0.464000	0.494832	
831	0.415162	169	0.840237	5.000000	831	0.415162	0.487000	0.494821	
817	0.435741	183	0.797814	5.000000	817	0.435741	0.502000	0.494831	
842	0.384798	158	0.784810	5.000000	842	0.384798	0.448000	0.494765	
833	0.445378	167	0.820359	5.000000	833	0.445378	0.508000	0.494784	
817	0.432069	183	0.786885	5.000000	817	0.432069	0.497000	0.494787	
842	0.454869	158	0.816456	5.000000	842	0.454869	0.512000	0.494811	
838	0.431981	162	0.820988	5.000000	838	0.431981	0.495000	0.494811	
808	0.413366	192	0.843750	5.000000	808	0.413366	0.496000	0.494813	
810	0.371605	190	0.805263	5.000000	810	0.371605	0.454000	0.494756	
857	0.453909	143	0.839161	5.000000	857	0.453909	0.509000	0.494776	
841	0.412604	159	0.754717	5.000000	841	0.412604	0.467000	0.494737	
832	0.390625	168	0.803571	5.000000	832	0.390625	0.460000	0.494689	
852	0.411972	148	0.851351	5.000000	852	0.411972	0.477000	0.494664	
828	0.442029	172	0.889535	5.000000	828	0.442029	0.519000	0.494698	
846	0.434988	154	0.824675	5.000000	846	0.434988	0.495000	0.494698	
856	0.411215	144	0.847222	5.000000	856	0.411215	0.474000	0.494670	
835	0.401198	165	0.812121	5.000000	835	0.401198	0.469000	0.494634	
843	0.444840	157	0.872611	5.000000	843	0.444840	0.512000	0.494658	
834	0.470024	166	0.837349	5.000000	834	0.470024	0.531000	0.494708	
819	0.432234	181	0.828729	5.000000	819	0.432234	0.504000	0.494721	
836	0.454545	164	0.890244	5.000000	836	0.454545	0.526000	0.494764	
825	0.391515	175	0.897143	5.000000	825	0.391515	0.480000	0.494744	
838	0.429594	162	0.820988	5.000000	838	0.429594	0.493000	0.494741	
819	0.438339	181	0.795580	5.000000	819	0.438339	0.503000	0.494753	
841	0.394768	159	0.798742	5.000000	841	0.394768	0.459000	0.494704	
833	0.432173	167	0.892216	5.000000	833	0.432173	0.509000	0.494723	
843	0.400949	157	0.815287	5.000000	843	0.400949	0.466000	0.494684	
838	0.440334	162	0.833333	5.000000	838	0.440334	0.504000	0.494697	
823	0.439854	177	0.841808	5.000000	823	0.439854	0.511000	0.494719	
816	0.421569	184	0.826087	5.000000	816	0.421569	0.496000	0.494721	
834	0.448441	166	0.843373	5.000000	834	0.448441	0.514000	0.494747	
832	0.449519	168	0.821429	5.000000	832	0.449519	0.512000	0.494770	
814	0.400491	186	0.779570	5.000000	814	0.400491	0.471000	0.494738	
828	0.397343	172	0.819767	5.000000	828	0.397343	0.470000	0.494705	
812	0.418719	188	0.829787	5.000000	812	0.418719	0.496000	0.494706	
844	0.465640	156	0.801282	5.000000	844	0.465640	0.518000	0.494738	
833	0.423770	167	0.826347	5.000000	833	0.423770	0.491000	0.494733	
857	0.438740	143	0.825175	5.000000	857	0.438740	0.494000	0.494732	
805	0.407453	195	0.815385	5.000000	805	0.407453	0.487000	0.494721	
806	0.395782	194	0.814433	5.000000	806	0.395782	0.477000	0.494698	
821	0.423873	179	0.849162	5.000000	821	0.423873	0.500000	0.494705	
825	0.450909	175	0.845714	5.000000	825	0.450909	0.520000	0.494739	
850	0.428235	150	0.826667	5.000000	850	0.428235	0.488000	0.494730	
846	0.429078	154	0.896104	5.000000	846	0.429078	0.501000	0.494738	
812	0.396552	188	0.845745	5.000000	812	0.396552	0.481000	0.494720	
834	0.455635	166	0.873494	5.000000	834	0.455635	0.525000	0.494760	
836	0.398325	164	0.804878	5.000000	836	0.398325	0.465000	0.494720	
862	0.416473	138	0.789855	5.000000	862	0.416473	0.468000	0.494685	
845	0.442604	155	0.812903	5.000000	845	0.442604	0.500000	0.494692	
852	0.404930	148	0.898649	5.000000	852	0.404930	0.478000	0.494670	
800	0.450000	200	0.790000	5.000000	800	0.450000	0.518000	0.494701	
828	0.405797	172	0.808140	5.000000	828	0.405797	0.475000	0.494675	
862	0.428074	138	0.804348	5.000000	862	0.428074	0.480000	0.494655	
826	0.418886	174	0.816092	5.000000	826	0.418886	0.488000	0.494647	
810	0.441975	190	0.736842	5.000000	810	0.441975	0.498000	0.494651	
825	0.454545	175	0.805714	5.000000	825	0.454545	0.516000	0.494679	
849	0.366313	151	0.827815	5.000000	849	0.366313	0.436000	0.494602	
816	0.432598	184	0.864130	5.000000	816	0.432598	0.512000	0.494625	
853	0.441970	147	0.816327	5.000000	853	0.441970	0.497000	0.494628	
829	0.410133	171	0.807018	5.000000	829	0.410133	0.478000	0.494606	
851	0.390129	149	0.852349	5.000000	851	0.390129	0.459000	0.494560	
851	0.424207	149	0.778523	5.000000	851	0.424207	0.477000	0.494537	
844	0.428910	156	0.769231	5.000000	844	0.428910	0.482000	0.494521	
830	0.420482	170	0.852941	5.000000	830	0.420482	0.494000	0.494520	
821	0.438490	179	0.826816	5.000000	821	0.438490	0.508000	0.494538	
829	0.457177	171	0.824561	5.000000	829	0.457177	0.520000	0.494571	
841	0.376932	159	0.811321	5.000000	841	0.376932	0.446000	0.494508	
825	0.444848	175	0.788571	5.000000	825	0.444848	0.505000	0.494521	
843	0.424674	157	0.840764	5.000000	843	0.424674	0.490000	0.494515	
804	0.425373	196	0.801020	5.000000	804	0.425373	0.499000	0.494521	
817	0.436965	183	0.863388	5.000000	817	0.436965	0.515000	0.494548	
840	0.429762	160	0.856250	5.000000	840	0.429762	0.498000	0.494552	
825	0.414545	175	0.840000	5.000000	825	0.414545	0.489000	0.494545	
847	0.433294	153	0.816993	5.000000	847	0.433294	0.492000	0.494542	
828	0.394928	172	0.819767	5.000000	828	0.394928	0.468000	0.494508	
866	0.468822	134	0.798507	5.000000	866	0.468822	0.513000	0.494531	
830	0.420482	170	0.829412	5.000000	830	0.420482	0.490000	0.494526	
844	0.404028	156	0.788462	5.000000	844	0.404028	0.464000	0.494487	
850	0.423529	150	0.773333	5.000000	850	0.423529	0.476000	0.494463	
839	0.424315	161	0.863354	5.000000	839	0.424315	0.495000	0.494464	
821	0.414129	179	0.776536	5.000000	821	0.414129	0.479000	0.494444	
814	0.407862	186	0.876344	5.000000	814	0.407862	0.495000	0.494445	
844	0.431280	156	0.839744	5.000000	844	0.431280	0.495000	0.494446	
834	0.399281	166	0.795181	5.000000	834	0.399281	0.465000	0.494408	
803	0.408468	197	0.857868	5.000000	803	0.408468	0.497000	0.494412	
833	0.411765	167	0.892216	5.000000	833	0.411765	0.492000	0.494408	
839	0.426698	161	0.826087	5.000000	839	0.426698	0.491000	0.494404	
815	0.414724	185	0.810811	5.000000	815	0.414724	0.488000	0.494396	
830	0.425301	170	0.870588	5.000000	830	0.425301	0.501000	0.494404	
818	0.421760	182	0.879121	5.000000	818	0.421760	0.505000	0.494418	
834	0.384892	166	0.891566	5.000000	834	0.384892	0.469000	0.494386	
819	0.455433	181	0.767956	5.000000	819	0.455433	0.512000	0.494408	
853	0.432591	147	0.789116	5.000000	853	0.432591	0.485000	0.494396	
840	0.426190	160	0.831250	5.000000	840	0.426190	0.491000	0.494392	
818	0.435208	182	0.873626	5.000000	818	0.435208	0.515000	0.494418	
848	0.461085	152	0.776316	5.000000	848	0.461085	0.509000	0.494436	
867	0.407151	133	0.842105	5.000000	867	0.407151	0.465000	0.494399	
839	0.415971	161	0.838509	5.000000	839	0.415971	0.484000	0.494386	
849	0.413428	151	0.874172	5.000000	849	0.413428	0.483000	0.494372	
832	0.436298	168	0.833333	5.000000	832	0.436298	0.503000	0.494383	
828	0.437198	172	0.831395	5.000000	828	0.437198	0.505000	0.494396	
829	0.433052	171	0.783626	5.000000	829	0.433052	0.493000	0.494394	
813	0.400984	187	0.759358	5.000000	813	0.400984	0.468000	0.494362	
824	0.424757	176	0.886364	5.000000	824	0.424757	0.506000	0.494376	
843	0.399763	157	0.821656	5.000000	843	0.399763	0.466000	0.494341	
845	0.388166	155	0.909677	5.000000	845	0.388166	0.469000	0.494310	
827	0.403869	173	0.803468	5.000000	827	0.403869	0.473000	0.494284	
850	0.444706	150	0.833333	5.000000	850	0.444706	0.503000	0.494294	
809	0.417800	191	0.753927	5.000000	809	0.417800	0.482000	0.494279	
847	0.448642	153	0.823529	5.000000	847	0.448642	0.506000	0.494294	
826	0.449153	174	0.827586	5.000000	826	0.449153	0.515000	0.494319	
823	0.441069	177	0.841808	5.000000	823	0.441069	0.512000	0.494340	
833	0.392557	167	0.670659	5.000000	833	0.392557	0.439000	0.494273	
833	0.390156	167	0.844311	5.000000	833	0.390156	0.466000	0.494238	
830	0.408434	170	0.864706	5.000000	830	0.408434	0.486000	0.494228	
838	0.441527	162	0.858025	5.000000	838	0.441527	0.509000	0.494246	
832	0.432692	168	0.791667	5.000000	832	0.432692	0.493000	0.494245	
827	0.437727	173	0.786127	5.000000	827	0.437727	0.498000	0.494249	
803	0.417186	197	0.878173	5.000000	803	0.417186	0.508000	0.494266	
819	0.465201	181	0.867403	5.000000	819	0.465201	0.538000	0.494319	
847	0.446281	153	0.764706	5.000000	847	0.446281	0.495000	0.494320	
812	0.399015	188	0.856383	5.000000	812	0.399015	0.485000	0.494309	
835	0.433533	165	0.818182	5.000000	835	0.433533	0.497000	0.494312	
831	0.444043	169	0.816568	5.000000	831	0.444043	0.507000	0.494327	
824	0.450243	176	0.863636	5.000000	824	0.450243	0.523000	0.494362	
839	0.384982	161	0.720497	5.000000	839	0.384982	0.439000	0.494295	
836	0.387560	164	0.829268	5.000000	836	0.387560	0.460000	0.494254	
809	0.431397	191	0.832461	5.000000	809	0.431397	0.508000	0.494270	
837	0.437276	163	0.748466	5.000000	837	0.437276	0.488000	0.494263	
833	0.439376	167	0.844311	5.000000	833	0.439376	0.507000	0.494278	
821	0.421437	179	0.815642	5.000000	821	0.421437	0.492000	0.494275	
837	0.393070	163	0.822086	5.000000	837	0.393070	0.463000	0.494238	
858	0.431235	142	0.929577	5.000000	858	0.431235	0.502000	0.494247	
799	0.438048	201	0.850746	5.000000	799	0.438048	0.521000	0.494279	
833	0.436975	167	0.802395	5.000000	833	0.436975	0.498000	0.494284	
849	0.432273	151	0.860927	5.000000	849	0.432273	0.497000	0.494287	
833	0.462185	167	0.844311	5.000000	833	0.462185	0.526000	0.494324	
825	0.426667	175	0.811429	5.000000	825	0.426667	0.494000	0.494324	
803	0.427148	197	0.868020	5.000000	803	0.427148	0.514000	0.494347	
846	0.410165	154	0.798701	5.000000	846	0.410165	0.470000	0.494319	
824	0.419903	176	0.840909	5.000000	824	0.419903	0.494000	0.494318	
816	0.457108	184	0.885870	5.000000	816	0.457108	0.536000	0.494367	
837	0.421744	163	0.846626	5.000000	837	0.421744	0.491000	0.494363	
834	0.435252	166	0.813253	5.000000	834	0.435252	0.498000	0.494368	
829	0.425814	171	0.859649	5.000000	829	0.425814	0.500000	0.494374	
846	0.456265	154	0.889610	5.000000	846	0.456265	0.523000	0.494408	
840	0.452381	160	0.800000	5.000000	840	0.452381	0.508000	0.494424	
830	0.431325	170	0.770588	5.000000	830	0.431325	0.489000	0.494417	
843	0.431791	157	0.821656	5.000000	843	0.431791	0.493000	0.494416	
821	0.408039	179	0.815642	5.000000	821	0.408039	0.481000	0.494400	
844	0.452607	156	0.858974	5.000000	844	0.452607	0.516000	0.494425	
826	0.411622	174	0.850575	5.000000	826	0.411622	0.488000	0.494418	
821	0.427527	179	0.810056	5.000000	821	0.427527	0.496000	0.494420	
815	0.435583	185	0.762162	5.000000	815	0.435583	0.496000	0.494422	
817	0.470012	183	0.879781	5.000000	817	0.470012	0.545000	0.494480	
821	0.433618	179	0.849162	5.000000	821	0.433618	0.508000	0.494496	
830	0.455422	170	0.876471	5.000000	830	0.455422	0.527000	0.494534	
826	0.414044	174	0.844828	5.000000	826	0.414044	0.489000	0.494527	
844	0.449052	156	0.826923	5.000000	844	0.449052	0.508000	0.494543	
821	0.417783	179	0.804469	5.000000	821	0.417783	0.487000	0.494534	
827	0.414752	173	0.803468	5.000000	827	0.414752	0.482000	0.494520	
831	0.380265	169	0.775148	5.000000	831	0.380265	0.447000	0.494465	
821	0.433618	179	0.877095	5.000000	821	0.433618	0.513000	0.494486	
842	0.448931	158	0.867089	5.000000	842	0.448931	0.515000	0.494510	
835	0.435928	165	0.824242	5.000000	835	0.435928	0.500000	0.494516	
832	0.402644	168	0.767857	5.000000	832	0.402644	0.464000	0.494481	
834	0.460432	166	0.807229	5.000000	834	0.460432	0.518000	0.494508	
814	0.455774	186	0.876344	5.000000	814	0.455774	0.534000	0.494553	
829	0.413752	171	0.842105	5.000000	829	0.413752	0.487000	0.494545	
831	0.410349	169	0.757396	5.000000	831	0.410349	0.469000	0.494515	
838	0.416468	162	0.808642	5.000000	838	0.416468	0.480000	0.494499	
854	0.433255	146	0.821918	5.000000	854	0.433255	0.490000	0.494494	
828	0.411836	172	0.831395	5.000000	828	0.411836	0.484000	0.494482	
838	0.424821	162	0.820988	5.000000	838	0.424821	0.489000	0.494476	
850	0.416471	150	0.860000	5.000000	850	0.416471	0.483000	0.494463	
820	0.420732	180	0.844444	5.000000	820	0.420732	0.497000	0.494465	
812	0.431034	188	0.840426	5.000000	812	0.431034	0.508000	0.494481	
843	0.427046	157	0.802548	5.000000	843	0.427046	0.486000	0.494471	
849	0.422850	151	0.834437	5.000000	849	0.422850	0.485000	0.494460	
849	0.461720	151	0.841060	5.000000	849	0.461720	0.519000	0.494488	
837	0.395460	163	0.846626	5.000000	837	0.395460	0.469000	0.494459	
821	0.411693	179	0.810056	5.000000	821	0.411693	0.483000	0.494447	
835	0.408383	165	0.787879	5.000000	835	0.408383	0.471000	0.494420	
825	0.429091	175	0.782857	5.000000	825	0.429091	0.491000	0.494416	
844	0.386256	156	0.910256	5.000000	844	0.386256	0.468000	0.494387	
819	0.433455	181	0.850829	5.000000	819	0.433455	0.509000	0.494403	
822	0.431873	178	0.876404	5.000000	822	0.431873	0.511000	0.494422	
805	0.417391	195	0.800000	5.000000	805	0.417391	0.492000	0.494419	
806	0.439206	194	0.860825	5.000000	806	0.439206	0.521000	0.494449	
832	0.438702	168	0.880952	5.000000	832	0.438702	0.513000	0.494469	
852	0.447183	148	0.804054	5.000000	852	0.447183	0.500000	0.494475	
836	0.444976	164	0.810976	5.000000	836	0.444976	0.505000	0.494487	
842	0.420428	158	0.841772	5.000000	842	0.420428	0.487000	0.494479	
841	0.437574	159	0.798742	5.000000	841	0.437574	0.495000	0.494479	
840	0.447619	160	0.825000	5.000000	840	0.447619	0.508000	0.494494	
831	0.440433	169	0.834320	5.000000	831	0.440433	0.507000	0.494508	
833	0.416567	167	0.838323	5.000000	833	0.416567	0.487000	0.494500	
844	0.426540	156	0.903846	5.000000	844	0.426540	0.501000	0.494507	
832	0.406250	168	0.863095	5.000000	832	0.406250	0.483000	0.494494	
827	0.406288	173	0.867052	5.000000	827	0.406288	0.486000	0.494485	
818	0.438875	182	0.807692	5.000000	818	0.438875	0.506000	0.494498	
820	0.408537	180	0.766667	5.000000	820	0.408537	0.473000	0.494474	
842	0.427553	158	0.810127	5.000000	842	0.427553	0.488000	0.494467	
825	0.443636	175	0.834286	5.000000	825	0.443636	0.512000	0.494486	
815	0.461350	185	0.832432	5.000000	815	0.461350	0.530000	0.494525	
818	0.393643	182	0.780220	5.000000	818	0.393643	0.464000	0.494492	
847	0.416765	153	0.738562	5.000000	847	0.416765	0.466000	0.494461	
855	0.456140	145	0.875862	5.000000	855	0.456140	0.517000	0.494485	
837	0.444444	163	0.852761	5.000000	837	0.444444	0.511000	0.494503	
842	0.389549	158	0.791139	5.000000	842	0.389549	0.453000	0.494458	
845	0.413018	155	0.858065	5.000000	845	0.413018	0.482000	0.494444	
838	0.445107	162	0.833333	5.000000	838	0.445107	0.508000	0.494459	
826	0.426150	174	0.856322	5.000000	826	0.426150	0.501000	0.494466	
824	0.389563	176	0.818182	5.000000	824	0.389563	0.465000	0.494434	
824	0.413835	176	0.863636	5.000000	824	0.413835	0.493000	0.494433	
850	0.418824	150	0.833333	5.000000	850	0.418824	0.481000	0.494418	
851	0.394830	149	0.906040	5.000000	851	0.394830	0.471000	0.494393	
850	0.449412	150	0.806667	5.000000	850	0.449412	0.503000	0.494402	
830	0.408434	170	0.847059	5.000000	830	0.408434	0.483000	0.494390	
814	0.428747	186	0.811828	5.000000	814	0.428747	0.500000	0.494396	
827	0.411125	173	0.867052	5.000000	827	0.411125	0.490000	0.494391	
820	0.431707	180	0.811111	5.000000	820	0.431707	0.500000	0.494397	
842	0.444181	158	0.816456	5.000000	842	0.444181	0.503000	0.494406	
841	0.424495	159	0.792453	5.000000	841	0.424495	0.483000	0.494394	
821	0.456760	179	0.765363	5.000000	821	0.456760	0.512000	0.494413	
832	0.436298	168	0.869048	5.000000	832	0.436298	0.509000	0.494429	
838	0.429594	162	0.864198	5.000000	838	0.429594	0.500000	0.494435	
820	0.435366	180	0.855556	5.000000	820	0.435366	0.511000	0.494452	
836	0.438995	164	0.817073	5.000000	836	0.438995	0.501000	0.494459	
803	0.442092	197	0.862944	5.000000	803	0.442092	0.525000	0.494492	
833	0.450180	167	0.874251	5.000000	833	0.450180	0.521000	0.494520	
818	0.440098	182	0.857143	5.000000	818	0.440098	0.516000	0.494543	
832	0.424279	168	0.809524	5.000000	832	0.424279	0.489000	0.494537	
840	0.441667	160	0.862500	5.000000	840	0.441667	0.509000	0.494553	
815	0.418405	185	0.805405	5.000000	815	0.418405	0.490000	0.494548	
819	0.440781	181	0.834254	5.000000	819	0.440781	0.512000	0.494566	
848	0.415094	152	0.855263	5.000000	848	0.415094	0.482000	0.494553	
851	0.445358	149	0.865772	5.000000	851	0.445358	0.508000	0.494567	
826	0.422518	174	0.804598	5.000000	826	0.422518	0.489000	0.494561	
807	0.468401	193	0.829016	5.000000	807	0.468401	0.538000	0.494607	
833	0.402161	167	0.778443	5.000000	833	0.402161	0.465000	0.494576	
810	0.427160	190	0.815789	5.000000	810	0.427160	0.501000	0.494583	
850	0.396471	150	0.826667	5.000000	850	0.396471	0.461000	0.494547	
825	0.393939	175	0.720000	5.000000	825	0.393939	0.451000	0.494502	
833	0.411765	167	0.802395	5.000000	833	0.411765	0.477000	0.494483	
824	0.422330	176	0.755682	5.000000	824	0.422330	0.481000	0.494469	
818	0.415648	182	0.868132	5.000000	818	0.415648	0.498000	0.494473	
835	0.421557	165	0.896970	5.000000	835	0.421557	0.500000	0.494479	
853	0.425557	147	0.836735	5.000000	853	0.425557	0.486000	0.494470	
830	0.415663	170	0.876471	5.000000	830	0.415663	0.494000	0.494469	
846	0.410165	154	0.837662	5.000000	846	0.410165	0.476000	0.494450	
852	0.430751	148	0.837838	5.000000	852	0.430751	0.491000	0.494446	
822	0.451338	178	0.803371	5.000000	822	0.451338	0.514000	0.494467	
842	0.453682	158	0.797468	5.000000	842	0.453682	0.508000	0.494481	
829	0.423402	171	0.760234	5.000000	829	0.423402	0.481000	0.494467	
827	0.477630	173	0.826590	5.000000	827	0.477630	0.538000	0.494512	
828	0.446860	172	0.819767	5.000000	828	0.446860	0.511000	0.494529	
834	0.419664	166	0.855422	5.000000	834	0.419664	0.492000	0.494526	
845	0.426036	155	0.838710	5.000000	845	0.426036	0.490000	0.494522	
844	0.443128	156	0.788462	5.000000	844	0.443128	0.497000	0.494524	
836	0.428230	164	0.878049	5.000000	836	0.428230	0.502000	0.494532	
838	0.460621	162	0.753086	5.000000	838	0.460621	0.508000	0.494546	
832	0.376202	168	0.821429	5.000000	832	0.376202	0.451000	0.494501	
850	0.423529	150	0.773333	5.000000	850	0.423529	0.476000	0.494482	
851	0.421857	149	0.825503	5.000000	851	0.421857	0.482000	0.494469	
831	0.436823	169	0.887574	5.000000	831	0.436823	0.513000	0.494488	
846	0.414894	154	0.798701	5.000000	846	0.414894	0.474000	0.494467	
838	0.423628	162	0.851852	5.000000	838	0.423628	0.493000	0.494466	
822	0.390511	178	0.792135	5.000000	822	0.390511	0.462000	0.494432	
839	0.439809	161	0.844720	5.000000	839	0.439809	0.505000	0.494443	
828	0.414251	172	0.790698	5.000000	828	0.414251	0.479000	0.494427	
855	0.428070	145	0.896552	5.000000	855	0.428070	0.496000	0.494429	
825	0.469091	175	0.805714	5.000000	825	0.469091	0.528000	0.494463	
831	0.423586	169	0.852071	5.000000	831	0.423586	0.496000	0.494465	
828	0.451691	172	0.819767	5.000000	828	0.451691	0.515000	0.494486	
854	0.433255	146	0.883562	5.000000	854	0.433255	0.499000	0.494490	
822	0.436740	178	0.853933	5.000000	822	0.436740	0.511000	0.494507	
823	0.470231	177	0.762712	5.000000	823	0.470231	0.522000	0.494535	
818	0.465770	182	0.780220	5.000000	818	0.465770	0.523000	0.494564	
851	0.413631	149	0.771812	5.000000	851	0.413631	0.467000	0.494536	
818	0.438875	182	0.796703	5.000000	818	0.438875	0.504000	0.494546	
838	0.429594	162	0.771605	5.000000	838	0.429594	0.485000	0.494536	
845	0.427219	155	0.870968	5.000000	845	0.427219	0.496000	0.494537	
840	0.391667	160	0.818750	5.000000	840	0.391667	0.460000	0.494503	
843	0.410439	157	0.828025	5.000000	843	0.410439	0.476000	0.494484	
832	0.376202	168	0.803571	5.000000	832	0.376202	0.448000	0.494437	
803	0.404732	197	0.817259	5.000000	803	0.404732	0.486000	0.494429	
828	0.448068	172	0.813953	5.000000	828	0.448068	0.511000	0.494445	
853	0.434936	147	0.789116	5.000000	853	0.434936	0.487000	0.494438	
839	0.438617	161	0.819876	5.000000	839	0.438617	0.500000	0.494443	
818	0.409535	182	0.774725	5.000000	818	0.409535	0.476000	0.494425	
847	0.396694	153	0.830065	5.000000	847	0.396694	0.463000	0.494393	
831	0.445247	169	0.792899	5.000000	831	0.445247	0.504000	0.494403	
841	0.400713	159	0.886792	5.000000	841	0.400713	0.478000	0.494387	
829	0.439083	171	0.842105	5.000000	829	0.439083	0.508000	0.494400	
835	0.426347	165	0.836364	5.000000	835	0.426347	0.494000	0.494400	
828	0.409420	172	0.854651	5.000000	828	0.409420	0.486000	0.494391	
831	0.435620	169	0.840237	5.000000	831	0.435620	0.504000	0.494401	
862	0.445476	138	0.840580	5.000000	862	0.445476	0.500000	0.494406	
826	0.409201	174	0.798851	5.000000	826	0.409201	0.477000	0.494389	
833	0.464586	167	0.802395	5.000000	833	0.464586	0.521000	0.494416	
837	0.471924	163	0.822086	5.000000	837	0.471924	0.529000	0.494450	
832	0.426683	168	0.857143	5.000000	832	0.426683	0.499000	0.494454	
821	0.416565	179	0.815642	5.000000	821	0.416565	0.488000	0.494448	
