Rate	83.33
Tree Move	16.67
Rate Tried	% Accepted	Tree Move Tried	% Accepted	Rates - Dev	Rates - Tried	Rates - Accepted	Sample Ave Acceptance	Total Ave Acceptance	
839	0.320620	161	0.838509	4.142240	839	0.320620	0.404000	0.439142	
834	0.328537	166	0.849398	4.142240	834	0.328537	0.415000	0.437130	
825	0.361212	175	0.857143	4.142240	825	0.361212	0.448000	0.437966	
826	0.332930	174	0.844828	4.142240	826	0.332930	0.422000	0.436826	
848	0.340802	152	0.861842	4.142240	848	0.340802	0.420000	0.435704	
820	0.369512	180	0.855556	4.142240	820	0.369512	0.457000	0.437035	
816	0.343137	184	0.815217	4.142240	816	0.343137	0.430000	0.436621	
846	0.322695	154	0.844156	4.142240	846	0.322695	0.403000	0.434754	
839	0.373063	161	0.857143	4.142240	839	0.373063	0.451000	0.435609	
820	0.312195	180	0.761111	4.142240	820	0.312195	0.393000	0.433478	
857	0.345391	143	0.888112	4.142240	857	0.345391	0.423000	0.432979	
825	0.346667	175	0.862857	4.142240	825	0.346667	0.437000	0.433162	
859	0.378347	141	0.829787	4.142240	859	0.378347	0.442000	0.433546	
843	0.399763	157	0.840764	4.142240	843	0.399763	0.469000	0.435024	
835	0.349701	165	0.830303	4.142240	835	0.349701	0.429000	0.434783	
828	0.342995	172	0.877907	4.142240	828	0.342995	0.435000	0.434791	
851	0.332550	149	0.832215	4.142240	851	0.332550	0.407000	0.433762	
831	0.376655	169	0.834320	4.142240	831	0.376655	0.454000	0.434484	
837	0.347670	163	0.840491	4.142240	837	0.347670	0.428000	0.434261	
831	0.304452	169	0.792899	4.142240	831	0.304452	0.387000	0.432686	
801	0.308365	199	0.824121	4.142240	801	0.308365	0.411000	0.431986	
821	0.349574	179	0.793296	4.142240	821	0.349574	0.429000	0.431893	
848	0.350236	152	0.828947	4.142240	848	0.350236	0.423000	0.431623	
845	0.390533	155	0.851613	4.142240	845	0.390533	0.462000	0.432517	
825	0.343030	175	0.851429	4.142240	825	0.343030	0.432000	0.432502	
830	0.345783	170	0.841176	4.142240	830	0.345783	0.430000	0.432432	
818	0.347188	182	0.857143	4.142240	818	0.347188	0.440000	0.432637	
831	0.330927	169	0.846154	4.142240	831	0.330927	0.418000	0.432252	
843	0.372479	157	0.904459	4.142240	843	0.372479	0.456000	0.432861	
845	0.337278	155	0.877419	4.142240	845	0.337278	0.421000	0.432564	
849	0.361602	151	0.874172	4.142240	849	0.361602	0.439000	0.432721	
831	0.354994	169	0.816568	4.142240	831	0.354994	0.433000	0.432728	
838	0.359189	162	0.839506	4.142240	838	0.359189	0.437000	0.432827	
821	0.361754	179	0.810056	4.142240	821	0.361754	0.442000	0.433036	
839	0.338498	161	0.813665	4.142240	839	0.338498	0.415000	0.432635	
833	0.346939	167	0.844311	4.142240	833	0.346939	0.430000	0.432578	
866	0.351039	134	0.873134	4.142240	866	0.351039	0.421000	0.432331	
831	0.345367	169	0.857988	4.142240	831	0.345367	0.432000	0.432324	
834	0.327338	166	0.831325	4.142240	834	0.327338	0.411000	0.431889	
827	0.356711	173	0.849711	4.142240	827	0.356711	0.442000	0.432091	
828	0.333333	172	0.872093	4.142240	828	0.333333	0.426000	0.431972	
850	0.330588	150	0.840000	4.142240	850	0.330588	0.407000	0.431492	
826	0.371671	174	0.833333	4.142240	826	0.371671	0.452000	0.431879	
846	0.342790	154	0.811688	4.142240	846	0.342790	0.415000	0.431566	
842	0.337292	158	0.848101	4.142240	842	0.337292	0.418000	0.431319	
845	0.390533	155	0.832258	4.142240	845	0.390533	0.459000	0.431814	
831	0.365824	169	0.846154	4.142240	831	0.365824	0.447000	0.432080	
822	0.318735	178	0.831461	4.142240	822	0.318735	0.410000	0.431699	
844	0.399289	156	0.814103	4.142240	844	0.399289	0.464000	0.432247	
849	0.425206	151	0.847682	4.142240	849	0.425206	0.489000	0.433193	
830	0.340964	170	0.864706	4.320849	830	0.340964	0.430000	0.433140	
810	0.328395	190	0.842105	4.320849	810	0.328395	0.426000	0.433025	
815	0.346012	185	0.870270	4.320849	815	0.346012	0.443000	0.433184	
812	0.310345	188	0.835106	4.320849	812	0.310345	0.409000	0.432806	
850	0.323529	150	0.793333	4.320849	850	0.323529	0.394000	0.432209	
845	0.324260	155	0.838710	4.320849	845	0.324260	0.404000	0.431781	
847	0.321133	153	0.862745	4.320849	847	0.321133	0.404000	0.431367	
828	0.326087	172	0.854651	4.320849	828	0.326087	0.417000	0.431155	
839	0.351609	161	0.850932	4.320849	839	0.351609	0.432000	0.431168	
838	0.319809	162	0.833333	4.320849	838	0.319809	0.403000	0.430765	
815	0.326380	185	0.837838	4.320849	815	0.326380	0.421000	0.430628	
824	0.314320	176	0.863636	4.320849	824	0.314320	0.411000	0.430355	
829	0.348613	171	0.818713	4.320849	829	0.348613	0.429000	0.430337	
830	0.343373	170	0.829412	4.320849	830	0.343373	0.426000	0.430278	
801	0.335830	199	0.839196	4.320849	801	0.335830	0.436000	0.430354	
825	0.343030	175	0.857143	4.320849	825	0.343030	0.433000	0.430389	
837	0.344086	163	0.846626	4.320849	837	0.344086	0.426000	0.430332	
838	0.318616	162	0.925926	4.320849	838	0.318616	0.417000	0.430161	
843	0.341637	157	0.770701	4.320849	843	0.341637	0.409000	0.429893	
831	0.327316	169	0.863905	4.320849	831	0.327316	0.418000	0.429745	
826	0.329298	174	0.902299	4.320849	826	0.329298	0.429000	0.429735	
824	0.350728	176	0.840909	4.320849	824	0.350728	0.437000	0.429824	
847	0.337662	153	0.895425	4.320849	847	0.337662	0.423000	0.429742	
846	0.323877	154	0.870130	4.320849	846	0.323877	0.408000	0.429483	
850	0.312941	150	0.840000	4.320849	850	0.312941	0.392000	0.429042	
832	0.311298	168	0.892857	4.320849	832	0.311298	0.409000	0.428809	
839	0.332539	161	0.819876	4.320849	839	0.332539	0.411000	0.428604	
860	0.338372	140	0.878571	4.320849	860	0.338372	0.414000	0.428438	
835	0.326946	165	0.781818	4.320849	835	0.326946	0.402000	0.428141	
832	0.329327	168	0.851190	4.320849	832	0.329327	0.417000	0.428017	
814	0.313268	186	0.854839	4.320849	814	0.313268	0.414000	0.427863	
835	0.368862	165	0.824242	4.320849	835	0.368862	0.444000	0.428039	
851	0.346651	149	0.845638	4.320849	851	0.346651	0.421000	0.427963	
832	0.323317	168	0.869048	4.320849	832	0.323317	0.415000	0.427825	
820	0.309756	180	0.783333	4.320849	820	0.309756	0.395000	0.427480	
846	0.367612	154	0.831169	4.320849	846	0.367612	0.439000	0.427600	
848	0.320755	152	0.875000	4.320849	848	0.320755	0.405000	0.427367	
837	0.352449	163	0.852761	4.320849	837	0.352449	0.434000	0.427434	
823	0.331713	177	0.841808	4.320849	823	0.331713	0.422000	0.427380	
846	0.360520	154	0.876623	4.320849	846	0.360520	0.440000	0.427506	
827	0.343410	173	0.838150	4.320849	827	0.343410	0.429000	0.427521	
829	0.336550	171	0.900585	4.320849	829	0.336550	0.433000	0.427574	
824	0.334951	176	0.852273	4.320849	824	0.334951	0.426000	0.427559	
831	0.342960	169	0.852071	4.320849	831	0.342960	0.429000	0.427573	
829	0.316043	171	0.824561	4.320849	829	0.316043	0.403000	0.427339	
842	0.352732	158	0.873418	4.320849	842	0.352732	0.435000	0.427411	
834	0.321343	166	0.867470	4.320849	834	0.321343	0.412000	0.427267	
842	0.328979	158	0.822785	4.320849	842	0.328979	0.407000	0.427079	
845	0.281657	155	0.832258	4.320849	845	0.281657	0.367000	0.426528	
811	0.347719	189	0.867725	4.320849	811	0.347719	0.446000	0.426705	
827	0.327690	173	0.872832	4.320849	827	0.327690	0.422000	0.426663	
808	0.327970	192	0.817708	4.320849	808	0.327970	0.422000	0.426621	
821	0.294762	179	0.821229	4.320849	821	0.294762	0.389000	0.426288	
826	0.335351	174	0.787356	4.320849	826	0.335351	0.414000	0.426180	
854	0.343091	146	0.863014	4.320849	854	0.343091	0.419000	0.426118	
803	0.351183	197	0.837563	4.320849	803	0.351183	0.447000	0.426298	
832	0.330529	168	0.845238	4.320849	832	0.330529	0.417000	0.426219	
827	0.345828	173	0.872832	4.320849	827	0.345828	0.437000	0.426310	
836	0.328947	164	0.810976	4.320849	836	0.328947	0.408000	0.426156	
826	0.343826	174	0.804598	4.320849	826	0.343826	0.424000	0.426138	
805	0.301863	195	0.830769	4.320849	805	0.301863	0.405000	0.425963	
828	0.358696	172	0.813953	4.320849	828	0.358696	0.437000	0.426054	
835	0.323353	165	0.884848	4.320849	835	0.323353	0.416000	0.425972	
856	0.331776	144	0.861111	4.320849	856	0.331776	0.408000	0.425827	
832	0.325721	168	0.821429	4.320849	832	0.325721	0.409000	0.425693	
825	0.301818	175	0.834286	4.320849	825	0.301818	0.395000	0.425449	
826	0.338983	174	0.850575	4.320849	826	0.338983	0.428000	0.425469	
815	0.354601	185	0.832432	4.320849	815	0.354601	0.443000	0.425606	
849	0.305065	151	0.874172	4.320849	849	0.305065	0.391000	0.425338	
822	0.282238	178	0.848315	4.320849	822	0.282238	0.383000	0.425012	
825	0.340606	175	0.845714	4.320849	825	0.340606	0.429000	0.425043	
826	0.319613	174	0.798851	4.320849	826	0.319613	0.403000	0.424876	
809	0.342398	191	0.858639	4.320849	809	0.342398	0.441000	0.424997	
844	0.351896	156	0.775641	4.320849	844	0.351896	0.418000	0.424945	
837	0.328554	163	0.883436	4.320849	837	0.328554	0.419000	0.424901	
844	0.322275	156	0.839744	4.320849	844	0.322275	0.403000	0.424740	
827	0.325272	173	0.901734	4.320849	827	0.325272	0.425000	0.424741	
855	0.349708	145	0.834483	4.320849	855	0.349708	0.420000	0.424707	
839	0.307509	161	0.838509	4.320849	839	0.307509	0.393000	0.424479	
840	0.351190	160	0.843750	4.320849	840	0.351190	0.430000	0.424518	
828	0.332126	172	0.848837	4.320849	828	0.332126	0.421000	0.424493	
835	0.358084	165	0.848485	4.320849	835	0.358084	0.439000	0.424596	
829	0.361882	171	0.847953	4.320849	829	0.361882	0.445000	0.424738	
831	0.348977	169	0.846154	4.320849	831	0.348977	0.433000	0.424796	
840	0.348810	160	0.875000	4.320849	840	0.348810	0.433000	0.424852	
837	0.358423	163	0.785276	4.320849	837	0.358423	0.428000	0.424874	
832	0.341346	168	0.833333	4.320849	832	0.341346	0.424000	0.424868	
818	0.292176	182	0.791209	4.320849	818	0.292176	0.383000	0.424585	
837	0.336918	163	0.901840	4.320849	837	0.336918	0.429000	0.424615	
835	0.349701	165	0.866667	4.320849	835	0.349701	0.435000	0.424684	
830	0.320482	170	0.894118	4.320849	830	0.320482	0.418000	0.424640	
838	0.394988	162	0.913580	4.320849	838	0.394988	0.479000	0.424997	
823	0.330498	177	0.858757	4.320849	823	0.330498	0.424000	0.424991	
850	0.345882	150	0.820000	4.320849	850	0.345882	0.417000	0.424939	
818	0.333741	182	0.846154	4.320849	818	0.333741	0.427000	0.424952	
831	0.329723	169	0.804734	4.320849	831	0.329723	0.410000	0.424856	
832	0.305288	168	0.851190	4.320849	832	0.305288	0.397000	0.424679	
839	0.379023	161	0.826087	4.320849	839	0.379023	0.451000	0.424845	
839	0.307509	161	0.875776	4.320849	839	0.307509	0.399000	0.424683	
844	0.340047	156	0.858974	4.320849	844	0.340047	0.421000	0.424660	
839	0.326579	161	0.850932	4.320849	839	0.326579	0.411000	0.424575	
843	0.326216	157	0.866242	4.320849	843	0.326216	0.411000	0.424491	
822	0.343066	178	0.797753	4.320849	822	0.343066	0.424000	0.424488	
821	0.315469	179	0.849162	4.320849	821	0.315469	0.411000	0.424406	
804	0.370647	196	0.806122	4.320849	804	0.370647	0.456000	0.424597	
844	0.370853	156	0.839744	4.320849	844	0.370853	0.444000	0.424714	
831	0.335740	169	0.816568	4.320849	831	0.335740	0.417000	0.424668	
816	0.349265	184	0.853261	4.320849	816	0.349265	0.442000	0.424771	
832	0.308894	168	0.797619	4.320849	832	0.308894	0.391000	0.424571	
825	0.353939	175	0.880000	4.320849	825	0.353939	0.446000	0.424698	
822	0.324818	178	0.825843	4.320849	822	0.324818	0.414000	0.424635	
829	0.344994	171	0.801170	4.320849	829	0.344994	0.423000	0.424625	
813	0.335793	187	0.860963	4.320849	813	0.335793	0.434000	0.424680	
833	0.376951	167	0.796407	4.320849	833	0.376951	0.447000	0.424808	
822	0.338200	178	0.848315	4.320849	822	0.338200	0.429000	0.424832	
848	0.340802	152	0.842105	4.320849	848	0.340802	0.417000	0.424787	
861	0.326365	139	0.841727	4.320849	861	0.326365	0.398000	0.424636	
843	0.332147	157	0.834395	4.320849	843	0.332147	0.411000	0.424559	
840	0.332143	160	0.831250	4.320849	840	0.332143	0.412000	0.424489	
840	0.341667	160	0.818750	4.320849	840	0.341667	0.418000	0.424453	
836	0.355263	164	0.853659	4.320849	836	0.355263	0.437000	0.424523	
818	0.331296	182	0.796703	4.320849	818	0.331296	0.416000	0.424476	
823	0.351154	177	0.853107	4.320849	823	0.351154	0.440000	0.424561	
832	0.354567	168	0.791667	4.320849	832	0.354567	0.428000	0.424579	
810	0.365432	190	0.826316	4.320849	810	0.365432	0.453000	0.424733	
845	0.338462	155	0.877419	4.320849	845	0.338462	0.422000	0.424718	
816	0.351716	184	0.831522	4.320849	816	0.351716	0.440000	0.424800	
831	0.362214	169	0.846154	4.320849	831	0.362214	0.444000	0.424902	
833	0.345738	167	0.850299	4.320849	833	0.345738	0.430000	0.424929	
821	0.358100	179	0.810056	4.320849	821	0.358100	0.439000	0.425003	
850	0.329412	150	0.820000	4.320849	850	0.329412	0.403000	0.424888	
822	0.369830	178	0.848315	4.320849	822	0.369830	0.455000	0.425045	
816	0.365196	184	0.793478	4.320849	816	0.365196	0.444000	0.425143	
826	0.354722	174	0.839080	4.320849	826	0.354722	0.439000	0.425214	
828	0.362319	172	0.848837	4.320849	828	0.362319	0.446000	0.425321	
837	0.356033	163	0.834356	4.320849	837	0.356033	0.434000	0.425365	
833	0.343337	167	0.796407	4.320849	833	0.343337	0.419000	0.425333	
843	0.338078	157	0.796178	4.320849	843	0.338078	0.410000	0.425255	
828	0.333333	172	0.837209	4.320849	828	0.333333	0.420000	0.425229	
827	0.371221	173	0.855491	4.320849	827	0.371221	0.455000	0.425378	
842	0.349169	158	0.854430	4.320849	842	0.349169	0.429000	0.425396	
835	0.304192	165	0.818182	4.320849	835	0.304192	0.389000	0.425216	
844	0.329384	156	0.871795	4.320849	844	0.329384	0.414000	0.425160	
837	0.322581	163	0.883436	4.320849	837	0.322581	0.414000	0.425106	
826	0.328087	174	0.816092	4.320849	826	0.328087	0.413000	0.425047	
848	0.356132	152	0.822368	4.320849	848	0.356132	0.427000	0.425056	
823	0.319563	177	0.762712	4.320849	823	0.319563	0.398000	0.424925	
834	0.293765	166	0.873494	4.320849	834	0.293765	0.390000	0.424758	
843	0.334520	157	0.828025	4.320849	843	0.334520	0.412000	0.424697	
814	0.362408	186	0.849462	4.320849	814	0.362408	0.453000	0.424831	
833	0.345738	167	0.796407	4.320849	833	0.345738	0.421000	0.424813	
849	0.342756	151	0.834437	4.320849	849	0.342756	0.417000	0.424776	
837	0.313023	163	0.871166	4.320849	837	0.313023	0.404000	0.424679	
841	0.348395	159	0.830189	4.320849	841	0.348395	0.425000	0.424680	
836	0.336124	164	0.884146	4.320849	836	0.336124	0.426000	0.424686	
852	0.320423	148	0.824324	4.320849	852	0.320423	0.395000	0.424549	
856	0.357477	144	0.923611	4.320849	856	0.357477	0.439000	0.424616	
812	0.348522	188	0.808511	4.320849	812	0.348522	0.435000	0.424663	
858	0.350816	142	0.809859	4.320849	858	0.350816	0.416000	0.424624	
839	0.351609	161	0.881988	4.320849	839	0.351609	0.437000	0.424680	
846	0.335697	154	0.889610	4.320849	846	0.335697	0.421000	0.424663	
855	0.323977	145	0.862069	4.320849	855	0.323977	0.402000	0.424561	
819	0.317460	181	0.812155	4.320849	819	0.317460	0.407000	0.424482	
815	0.333742	185	0.832432	4.320849	815	0.333742	0.426000	0.424489	
829	0.308806	171	0.818713	4.320849	829	0.308806	0.396000	0.424363	
827	0.342201	173	0.843931	4.320849	827	0.342201	0.429000	0.424383	
816	0.330882	184	0.831522	4.320849	816	0.330882	0.423000	0.424377	
814	0.362408	186	0.817204	4.320849	814	0.362408	0.447000	0.424476	
842	0.343230	158	0.892405	4.320849	842	0.343230	0.430000	0.424500	
838	0.322196	162	0.845679	4.320849	838	0.322196	0.407000	0.424424	
849	0.340400	151	0.768212	4.320849	849	0.340400	0.405000	0.424340	
829	0.354644	171	0.853801	4.320849	829	0.354644	0.440000	0.424408	
836	0.346890	164	0.810976	4.320849	836	0.346890	0.423000	0.424402	
836	0.355263	164	0.792683	4.320849	836	0.355263	0.427000	0.424413	
849	0.332155	151	0.860927	4.320849	849	0.332155	0.412000	0.424360	
844	0.351896	156	0.814103	4.320849	844	0.351896	0.424000	0.424358	
846	0.349882	154	0.811688	4.320849	846	0.349882	0.421000	0.424344	
859	0.325960	141	0.822695	4.320849	859	0.325960	0.396000	0.424225	
831	0.339350	169	0.834320	4.320849	831	0.339350	0.423000	0.424220	
831	0.320096	169	0.822485	4.320849	831	0.320096	0.405000	0.424140	
839	0.331347	161	0.782609	4.320849	839	0.331347	0.404000	0.424056	
834	0.359712	166	0.885542	4.320849	834	0.359712	0.447000	0.424151	
813	0.318573	187	0.893048	4.320849	813	0.318573	0.426000	0.424159	
824	0.341019	176	0.840909	4.320849	824	0.341019	0.429000	0.424179	
830	0.338554	170	0.882353	4.320849	830	0.338554	0.431000	0.424206	
840	0.326190	160	0.812500	4.320849	840	0.326190	0.404000	0.424124	
846	0.364066	154	0.883117	4.320849	846	0.364066	0.444000	0.424205	
850	0.323529	150	0.840000	4.320849	850	0.323529	0.401000	0.424111	
847	0.356553	153	0.816993	4.320849	847	0.356553	0.427000	0.424123	
840	0.345238	160	0.825000	4.320849	840	0.345238	0.422000	0.424114	
820	0.314634	180	0.838889	4.320849	820	0.314634	0.409000	0.424054	
825	0.332121	175	0.828571	4.320849	825	0.332121	0.419000	0.424034	
845	0.347929	155	0.800000	4.320849	845	0.347929	0.418000	0.424010	
857	0.352392	143	0.839161	4.320849	857	0.352392	0.422000	0.424002	
854	0.333724	146	0.890411	4.320849	854	0.333724	0.415000	0.423967	
843	0.353499	157	0.866242	4.320849	843	0.353499	0.434000	0.424006	
832	0.299279	168	0.869048	4.320849	832	0.299279	0.395000	0.423893	
831	0.356197	169	0.869822	4.320849	831	0.356197	0.443000	0.423967	
834	0.362110	166	0.831325	4.320849	834	0.362110	0.440000	0.424029	
848	0.313679	152	0.881579	4.320849	848	0.313679	0.400000	0.423937	
838	0.338902	162	0.814815	4.320849	838	0.338902	0.416000	0.423906	
828	0.342995	172	0.848837	4.320849	828	0.342995	0.430000	0.423930	
836	0.343301	164	0.853659	4.320849	836	0.343301	0.427000	0.423941	
821	0.339829	179	0.871508	4.320849	821	0.339829	0.435000	0.423983	
836	0.342105	164	0.847561	4.320849	836	0.342105	0.425000	0.423987	
881	0.368899	119	0.882353	4.320849	881	0.368899	0.430000	0.424010	
839	0.343266	161	0.863354	4.320849	839	0.343266	0.427000	0.424021	
859	0.339930	141	0.900709	4.320849	859	0.339930	0.419000	0.424002	
817	0.307222	183	0.846995	4.320849	817	0.307222	0.406000	0.423935	
820	0.357317	180	0.855556	4.320849	820	0.357317	0.447000	0.424021	
831	0.326113	169	0.816568	4.320849	831	0.326113	0.409000	0.423965	
855	0.347368	145	0.806897	4.320849	855	0.347368	0.414000	0.423929	
834	0.357314	166	0.819277	4.320849	834	0.357314	0.434000	0.423965	
845	0.326627	155	0.825806	4.320849	845	0.326627	0.404000	0.423893	
836	0.321770	164	0.829268	4.320849	836	0.321770	0.405000	0.423824	
836	0.318182	164	0.798780	4.320849	836	0.318182	0.397000	0.423727	
829	0.347407	171	0.812865	4.320849	829	0.347407	0.427000	0.423739	
816	0.341912	184	0.885870	4.320849	816	0.341912	0.442000	0.423804	
842	0.295724	158	0.810127	4.320849	842	0.295724	0.377000	0.423636	
806	0.300248	194	0.824742	4.320849	806	0.300248	0.402000	0.423559	
829	0.338963	171	0.801170	4.320849	829	0.338963	0.418000	0.423539	
808	0.366337	192	0.859375	4.320849	808	0.366337	0.461000	0.423672	
813	0.339483	187	0.812834	4.320849	813	0.339483	0.428000	0.423688	
842	0.378860	158	0.753165	4.320849	842	0.378860	0.438000	0.423738	
838	0.341289	162	0.864198	4.320849	838	0.341289	0.426000	0.423746	
833	0.313325	167	0.850299	4.320849	833	0.313325	0.403000	0.423673	
842	0.369359	158	0.898734	4.320849	842	0.369359	0.453000	0.423776	
816	0.329657	184	0.907609	4.320849	816	0.329657	0.436000	0.423818	
826	0.331719	174	0.844828	4.320849	826	0.331719	0.421000	0.423808	
834	0.308153	166	0.825301	4.320849	834	0.308153	0.394000	0.423705	
840	0.345238	160	0.856250	4.320849	840	0.345238	0.427000	0.423717	
834	0.314149	166	0.873494	4.320849	834	0.314149	0.407000	0.423660	
822	0.322384	178	0.820225	4.320849	822	0.322384	0.411000	0.423616	
838	0.393795	162	0.783951	4.320849	838	0.393795	0.457000	0.423730	
837	0.329749	163	0.865031	4.320849	837	0.329749	0.417000	0.423707	
825	0.336970	175	0.857143	4.320849	825	0.336970	0.428000	0.423722	
827	0.325272	173	0.826590	4.320849	827	0.325272	0.412000	0.423682	
809	0.339926	191	0.795812	4.320849	809	0.339926	0.427000	0.423693	
821	0.321559	179	0.832402	4.320849	821	0.321559	0.413000	0.423657	
823	0.334143	177	0.807910	4.320849	823	0.334143	0.418000	0.423639	
838	0.365155	162	0.858025	4.320849	838	0.365155	0.445000	0.423710	
852	0.354460	148	0.858108	4.320849	852	0.354460	0.429000	0.423727	
842	0.357482	158	0.810127	4.320849	842	0.357482	0.429000	0.423744	
829	0.330519	171	0.801170	4.320849	829	0.330519	0.411000	0.423703	
827	0.344619	173	0.890173	4.320849	827	0.344619	0.439000	0.423753	
844	0.334123	156	0.826923	4.320849	844	0.334123	0.411000	0.423711	
860	0.313953	140	0.857143	4.320849	860	0.313953	0.390000	0.423601	
844	0.312796	156	0.852564	4.320849	844	0.312796	0.397000	0.423515	
828	0.328502	172	0.831395	4.320849	828	0.328502	0.415000	0.423487	
820	0.356098	180	0.838889	4.320849	820	0.356098	0.443000	0.423550	
832	0.329327	168	0.833333	4.320849	832	0.329327	0.414000	0.423520	
835	0.341317	165	0.824242	4.320849	835	0.341317	0.421000	0.423511	
828	0.336957	172	0.802326	4.320849	828	0.336957	0.417000	0.423491	
819	0.332112	181	0.806630	4.320849	819	0.332112	0.418000	0.423473	
814	0.331695	186	0.854839	4.320849	814	0.331695	0.429000	0.423491	
838	0.334129	162	0.888889	4.320849	838	0.334129	0.424000	0.423492	
825	0.306667	175	0.771429	4.320849	825	0.306667	0.388000	0.423380	
837	0.352449	163	0.901840	4.320849	837	0.352449	0.442000	0.423439	
861	0.337979	139	0.820144	4.320849	861	0.337979	0.405000	0.423381	
841	0.334126	159	0.836478	4.320849	841	0.334126	0.414000	0.423352	
839	0.327771	161	0.850932	4.320849	839	0.327771	0.412000	0.423316	
835	0.343713	165	0.866667	4.320849	835	0.343713	0.430000	0.423337	
817	0.337821	183	0.825137	4.320849	817	0.337821	0.427000	0.423349	
811	0.348952	189	0.820106	4.320849	811	0.348952	0.438000	0.423394	
832	0.359375	168	0.880952	4.320849	832	0.359375	0.447000	0.423466	
827	0.331318	173	0.815029	4.320849	827	0.331318	0.415000	0.423440	
841	0.328181	159	0.823899	4.320849	841	0.328181	0.407000	0.423390	
838	0.328162	162	0.851852	4.320849	838	0.328162	0.413000	0.423358	
825	0.313939	175	0.862857	4.320849	825	0.313939	0.410000	0.423318	
829	0.353438	171	0.877193	4.320849	829	0.353438	0.443000	0.423378	
825	0.322424	175	0.851429	4.320849	825	0.322424	0.415000	0.423352	
826	0.382567	174	0.833333	4.320849	826	0.382567	0.461000	0.423466	
833	0.372149	167	0.850299	4.320849	833	0.372149	0.452000	0.423551	
835	0.359281	165	0.842424	4.320849	835	0.359281	0.439000	0.423598	
825	0.341818	175	0.880000	4.320849	825	0.341818	0.436000	0.423635	
841	0.351962	159	0.855346	4.320849	841	0.351962	0.432000	0.423659	
819	0.322344	181	0.806630	4.320849	819	0.322344	0.410000	0.423619	
838	0.340095	162	0.820988	4.320849	838	0.340095	0.418000	0.423602	
822	0.310219	178	0.814607	4.320849	822	0.310219	0.400000	0.423533	
827	0.310762	173	0.867052	4.320849	827	0.310762	0.407000	0.423484	
846	0.352246	154	0.740260	4.320849	846	0.352246	0.412000	0.423450	
861	0.342625	139	0.848921	4.320849	861	0.342625	0.413000	0.423420	
836	0.386364	164	0.823171	4.320849	836	0.386364	0.458000	0.423521	
842	0.353919	158	0.886076	4.320849	842	0.353919	0.438000	0.423563	
823	0.331713	177	0.830508	4.320849	823	0.331713	0.420000	0.423552	
834	0.380096	166	0.843373	4.320849	834	0.380096	0.457000	0.423649	
849	0.342756	151	0.834437	4.320849	849	0.342756	0.417000	0.423630	
833	0.320528	167	0.838323	4.320849	833	0.320528	0.407000	0.423582	
831	0.348977	169	0.804734	4.320849	831	0.348977	0.426000	0.423589	
843	0.310795	157	0.834395	4.320849	843	0.310795	0.393000	0.423502	
828	0.328502	172	0.860465	4.320849	828	0.328502	0.420000	0.423492	
846	0.348700	154	0.850649	4.320849	846	0.348700	0.426000	0.423499	
844	0.323460	156	0.871795	4.320849	844	0.323460	0.409000	0.423458	
827	0.322854	173	0.820809	4.320849	827	0.322854	0.409000	0.423417	
860	0.353488	140	0.800000	4.320849	860	0.353488	0.416000	0.423396	
821	0.330085	179	0.815642	4.320849	821	0.330085	0.417000	0.423378	
878	0.369021	122	0.827869	4.320849	878	0.369021	0.425000	0.423383	
833	0.302521	167	0.844311	4.320849	833	0.302521	0.393000	0.423298	
813	0.349323	187	0.844920	4.320849	813	0.349323	0.442000	0.423350	
832	0.358173	168	0.791667	4.320849	832	0.358173	0.431000	0.423371	
815	0.347239	185	0.875676	4.320849	815	0.347239	0.445000	0.423431	
825	0.320000	175	0.834286	4.320849	825	0.320000	0.410000	0.423394	
835	0.337725	165	0.812121	4.320849	835	0.337725	0.416000	0.423373	
859	0.355064	141	0.879433	4.320849	859	0.355064	0.429000	0.423389	
852	0.341549	148	0.831081	4.320849	852	0.341549	0.414000	0.423363	
805	0.352795	195	0.876923	4.320849	805	0.352795	0.455000	0.423450	
830	0.362651	170	0.823529	4.320849	830	0.362651	0.441000	0.423497	
829	0.351025	171	0.859649	4.320849	829	0.351025	0.438000	0.423537	
845	0.339645	155	0.812903	4.320849	845	0.339645	0.413000	0.423508	
806	0.344913	194	0.865979	4.320849	806	0.344913	0.446000	0.423569	
832	0.331731	168	0.863095	4.320849	832	0.331731	0.421000	0.423562	
823	0.323208	177	0.858757	4.320849	823	0.323208	0.418000	0.423547	
855	0.313450	145	0.834483	4.320849	855	0.313450	0.389000	0.423455	
825	0.326061	175	0.834286	4.320849	825	0.326061	0.415000	0.423432	
846	0.398345	154	0.863636	4.320849	846	0.398345	0.470000	0.423556	
844	0.306872	156	0.846154	4.320849	844	0.306872	0.391000	0.423470	
834	0.328537	166	0.819277	4.320849	834	0.328537	0.410000	0.423434	
823	0.341434	177	0.836158	4.320849	823	0.341434	0.429000	0.423449	
814	0.328010	186	0.817204	4.320849	814	0.328010	0.419000	0.423437	
846	0.340426	154	0.824675	4.320849	846	0.340426	0.415000	0.423415	
811	0.348952	189	0.846561	4.320849	811	0.348952	0.443000	0.423466	
824	0.311893	176	0.863636	4.320849	824	0.311893	0.409000	0.423428	
841	0.319857	159	0.798742	4.320849	841	0.319857	0.396000	0.423357	
837	0.334528	163	0.809816	4.320849	837	0.334528	0.412000	0.423327	
826	0.303874	174	0.948276	4.320849	826	0.303874	0.416000	0.423308	
827	0.276904	173	0.803468	4.320849	827	0.276904	0.368000	0.423165	
863	0.338355	137	0.795620	4.320849	863	0.338355	0.401000	0.423107	
817	0.376989	183	0.863388	4.320849	817	0.376989	0.466000	0.423218	
839	0.355185	161	0.857143	4.320849	839	0.355185	0.436000	0.423251	
811	0.361282	189	0.814815	4.320849	811	0.361282	0.447000	0.423312	
819	0.355311	181	0.790055	4.320849	819	0.355311	0.434000	0.423339	
814	0.323096	186	0.838710	4.320849	814	0.323096	0.419000	0.423328	
840	0.316667	160	0.856250	4.320849	840	0.316667	0.403000	0.423276	
841	0.347206	159	0.842767	4.320849	841	0.347206	0.426000	0.423283	
832	0.366587	168	0.815476	4.320849	832	0.366587	0.442000	0.423331	
831	0.354994	169	0.810651	4.320849	831	0.354994	0.432000	0.423352	
801	0.332085	199	0.788945	4.320849	801	0.332085	0.423000	0.423352	
839	0.319428	161	0.795031	4.320849	839	0.319428	0.396000	0.423283	
841	0.335315	159	0.849057	4.320849	841	0.335315	0.417000	0.423267	
828	0.364734	172	0.755814	4.320849	828	0.364734	0.432000	0.423289	
830	0.338554	170	0.829412	4.320849	830	0.338554	0.422000	0.423286	
832	0.348558	168	0.809524	4.320849	832	0.348558	0.426000	0.423292	
843	0.357058	157	0.847134	4.320849	843	0.357058	0.434000	0.423319	
830	0.361446	170	0.852941	4.320849	830	0.361446	0.445000	0.423373	
825	0.312727	175	0.857143	4.320849	825	0.312727	0.408000	0.423335	
832	0.319712	168	0.815476	4.320849	832	0.319712	0.403000	0.423285	
825	0.332121	175	0.885714	4.320849	825	0.332121	0.429000	0.423299	
826	0.329298	174	0.827586	4.320849	826	0.329298	0.416000	0.423281	
816	0.328431	184	0.864130	4.320849	816	0.328431	0.427000	0.423290	
854	0.350117	146	0.856164	4.320849	854	0.350117	0.424000	0.423292	
824	0.338592	176	0.869318	4.320849	824	0.338592	0.432000	0.423313	
835	0.330539	165	0.854545	4.320849	835	0.330539	0.417000	0.423298	
833	0.320528	167	0.868263	4.320849	833	0.320528	0.412000	0.423270	
831	0.323706	169	0.869822	4.320849	831	0.323706	0.416000	0.423253	
832	0.371394	168	0.886905	4.320849	832	0.371394	0.458000	0.423336	
842	0.358670	158	0.854430	4.320849	842	0.358670	0.437000	0.423369	
836	0.350478	164	0.810976	4.320849	836	0.350478	0.426000	0.423375	
830	0.332530	170	0.876471	4.320849	830	0.332530	0.425000	0.423379	
814	0.313268	186	0.838710	4.320849	814	0.313268	0.411000	0.423350	
837	0.322581	163	0.815951	4.320849	837	0.322581	0.403000	0.423301	
831	0.315283	169	0.893491	4.320849	831	0.315283	0.413000	0.423277	
844	0.327014	156	0.852564	4.320849	844	0.327014	0.409000	0.423243	
804	0.333333	196	0.862245	4.320849	804	0.333333	0.437000	0.423276	
845	0.317160	155	0.845161	4.320849	845	0.317160	0.399000	0.423218	
834	0.340528	166	0.849398	4.320849	834	0.340528	0.425000	0.423223	
841	0.335315	159	0.905660	4.320849	841	0.335315	0.426000	0.423229	
846	0.326241	154	0.883117	4.320849	846	0.326241	0.412000	0.423203	
817	0.323133	183	0.874317	4.320849	817	0.323133	0.424000	0.423205	
851	0.357227	149	0.751678	4.320849	851	0.357227	0.416000	0.423188	
834	0.324940	166	0.879518	4.320849	834	0.324940	0.417000	0.423173	
834	0.329736	166	0.819277	4.320849	834	0.329736	0.411000	0.423145	
835	0.342515	165	0.793939	4.320849	835	0.342515	0.417000	0.423131	
823	0.351154	177	0.819209	4.320849	823	0.351154	0.434000	0.423156	
818	0.337408	182	0.873626	4.320849	818	0.337408	0.435000	0.423183	
832	0.325721	168	0.839286	4.320849	832	0.325721	0.412000	0.423158	
813	0.341943	187	0.823529	4.320849	813	0.341943	0.432000	0.423178	
834	0.312950	166	0.837349	4.320849	834	0.312950	0.400000	0.423125	
844	0.361374	156	0.858974	4.320849	844	0.361374	0.439000	0.423161	
822	0.311436	178	0.853933	4.320849	822	0.311436	0.408000	0.423127	
811	0.350185	189	0.857143	4.320849	811	0.350185	0.446000	0.423179	
843	0.360617	157	0.834395	4.320849	843	0.360617	0.435000	0.423205	
831	0.316486	169	0.816568	4.320849	831	0.316486	0.401000	0.423155	
861	0.344948	139	0.812950	4.320849	861	0.344948	0.410000	0.423125	
831	0.340554	169	0.775148	4.320849	831	0.340554	0.414000	0.423105	
832	0.334135	168	0.809524	4.320849	832	0.334135	0.414000	0.423084	
820	0.337805	180	0.833333	4.320849	820	0.337805	0.427000	0.423093	
831	0.317690	169	0.875740	4.320849	831	0.317690	0.412000	0.423068	
837	0.330944	163	0.797546	4.320849	837	0.330944	0.407000	0.423033	
830	0.339759	170	0.835294	4.320849	830	0.339759	0.424000	0.423035	
825	0.360000	175	0.811429	4.320849	825	0.360000	0.439000	0.423070	
842	0.340855	158	0.829114	4.320849	842	0.340855	0.418000	0.423059	
830	0.334940	170	0.847059	4.320849	830	0.334940	0.422000	0.423057	
838	0.330549	162	0.870370	4.320849	838	0.330549	0.418000	0.423045	
844	0.350711	156	0.839744	4.320849	844	0.350711	0.427000	0.423054	
827	0.327690	173	0.849711	4.320849	827	0.327690	0.418000	0.423043	
832	0.341346	168	0.750000	4.320849	832	0.341346	0.410000	0.423014	
836	0.325359	164	0.859756	4.320849	836	0.325359	0.413000	0.422993	
829	0.359469	171	0.859649	4.320849	829	0.359469	0.445000	0.423041	
825	0.327273	175	0.834286	4.320849	825	0.327273	0.416000	0.423025	
834	0.294964	166	0.789157	4.320849	834	0.294964	0.377000	0.422925	
829	0.343788	171	0.807018	4.320849	829	0.343788	0.423000	0.422925	
830	0.338554	170	0.852941	4.320849	830	0.338554	0.426000	0.422932	
842	0.334917	158	0.816456	4.320849	842	0.334917	0.411000	0.422906	
855	0.349708	145	0.827586	4.320849	855	0.349708	0.419000	0.422898	
825	0.345455	175	0.817143	4.320849	825	0.345455	0.428000	0.422909	
821	0.341048	179	0.832402	4.320849	821	0.341048	0.429000	0.422922	
842	0.336105	158	0.816456	4.320849	842	0.336105	0.412000	0.422898	
841	0.351962	159	0.855346	4.320849	841	0.351962	0.432000	0.422918	
839	0.327771	161	0.832298	4.320849	839	0.327771	0.409000	0.422888	
836	0.354067	164	0.841463	4.320849	836	0.354067	0.434000	0.422912	
850	0.328235	150	0.900000	4.320849	850	0.328235	0.414000	0.422893	
830	0.319277	170	0.876471	4.320849	830	0.319277	0.414000	0.422874	
846	0.346336	154	0.792208	4.320849	846	0.346336	0.415000	0.422857	
863	0.369641	137	0.810219	4.320849	863	0.369641	0.430000	0.422873	
837	0.329749	163	0.834356	4.320849	837	0.329749	0.412000	0.422850	
811	0.323058	189	0.851852	4.320849	811	0.323058	0.423000	0.422850	
837	0.362007	163	0.834356	4.320849	837	0.362007	0.439000	0.422884	
846	0.302600	154	0.824675	4.320849	846	0.302600	0.383000	0.422800	
845	0.311243	155	0.870968	4.320849	845	0.311243	0.398000	0.422749	
828	0.330918	172	0.790698	4.320849	828	0.330918	0.410000	0.422722	
833	0.348139	167	0.844311	4.320849	833	0.348139	0.431000	0.422739	
829	0.334138	171	0.807018	4.320849	829	0.334138	0.415000	0.422723	
841	0.341260	159	0.805031	4.320849	841	0.341260	0.415000	0.422707	
833	0.375750	167	0.856287	4.320849	833	0.375750	0.456000	0.422776	
842	0.324228	158	0.835443	4.320849	842	0.324228	0.405000	0.422739	
835	0.325749	165	0.884848	4.320849	835	0.325749	0.418000	0.422730	
842	0.343230	158	0.765823	4.320849	842	0.343230	0.410000	0.422703	
832	0.355769	168	0.815476	4.320849	832	0.355769	0.433000	0.422725	
833	0.363745	167	0.790419	4.320849	833	0.363745	0.435000	0.422750	
847	0.340024	153	0.836601	4.320849	847	0.340024	0.416000	0.422736	
837	0.315412	163	0.822086	4.320849	837	0.315412	0.398000	0.422685	
842	0.352732	158	0.841772	4.320849	842	0.352732	0.430000	0.422700	
810	0.359259	190	0.794737	4.320849	810	0.359259	0.442000	0.422740	
819	0.317460	181	0.861878	4.320849	819	0.317460	0.416000	0.422726	
830	0.306024	170	0.852941	4.320849	830	0.306024	0.399000	0.422678	
824	0.355583	176	0.875000	4.320849	824	0.355583	0.447000	0.422727	
832	0.336538	168	0.833333	4.320849	832	0.336538	0.420000	0.422721	
835	0.350898	165	0.878788	4.320849	835	0.350898	0.438000	0.422752	
838	0.321002	162	0.858025	4.320849	838	0.321002	0.408000	0.422723	
848	0.351415	152	0.796053	4.320849	848	0.351415	0.419000	0.422715	
856	0.337617	144	0.875000	4.320849	856	0.337617	0.415000	0.422700	
837	0.345281	163	0.815951	4.320849	837	0.345281	0.422000	0.422698	
830	0.340964	170	0.858824	4.320849	830	0.340964	0.429000	0.422711	
841	0.306778	159	0.823899	4.320849	841	0.306778	0.389000	0.422644	
823	0.345079	177	0.881356	4.320849	823	0.345079	0.440000	0.422678	
841	0.341260	159	0.855346	4.320849	841	0.341260	0.423000	0.422679	
846	0.320331	154	0.824675	4.320849	846	0.320331	0.398000	0.422630	
841	0.347206	159	0.836478	4.320849	841	0.347206	0.425000	0.422635	
835	0.347305	165	0.927273	4.320849	835	0.347305	0.443000	0.422675	
842	0.319477	158	0.867089	4.320849	842	0.319477	0.406000	0.422642	
833	0.349340	167	0.838323	4.320849	833	0.349340	0.431000	0.422659	
835	0.364072	165	0.836364	4.320849	835	0.364072	0.442000	0.422696	
843	0.341637	157	0.878981	4.320849	843	0.341637	0.426000	0.422703	
830	0.383133	170	0.817647	4.320849	830	0.383133	0.457000	0.422770	
846	0.315603	154	0.870130	4.320849	846	0.315603	0.401000	0.422727	
830	0.321687	170	0.794118	4.320849	830	0.321687	0.402000	0.422687	
838	0.329356	162	0.876543	4.320849	838	0.329356	0.418000	0.422678	
835	0.336527	165	0.793939	4.320849	835	0.336527	0.412000	0.422657	
808	0.345297	192	0.812500	4.320849	808	0.345297	0.435000	0.422681	
831	0.336943	169	0.863905	4.320849	831	0.336943	0.426000	0.422688	
833	0.354142	167	0.790419	4.320849	833	0.354142	0.427000	0.422696	
837	0.328554	163	0.803681	4.320849	837	0.328554	0.406000	0.422664	
844	0.347156	156	0.871795	4.320849	844	0.347156	0.429000	0.422676	
831	0.329723	169	0.822485	4.320849	831	0.329723	0.413000	0.422658	
819	0.345543	181	0.883978	4.320849	819	0.345543	0.443000	0.422696	
847	0.342385	153	0.784314	4.320849	847	0.342385	0.410000	0.422672	
851	0.357227	149	0.838926	4.320849	851	0.357227	0.429000	0.422684	
820	0.354878	180	0.833333	4.320849	820	0.354878	0.441000	0.422719	
843	0.370107	157	0.847134	4.320849	843	0.370107	0.445000	0.422761	
823	0.345079	177	0.824859	4.320849	823	0.345079	0.430000	0.422775	
848	0.337264	152	0.828947	4.320849	848	0.337264	0.412000	0.422754	
819	0.324786	181	0.845304	4.320849	819	0.324786	0.419000	0.422747	
840	0.371429	160	0.843750	4.320849	840	0.371429	0.447000	0.422793	
830	0.316867	170	0.829412	4.320849	830	0.316867	0.404000	0.422758	
826	0.325666	174	0.856322	4.320849	826	0.325666	0.418000	0.422749	
843	0.326216	157	0.847134	4.320849	843	0.326216	0.408000	0.422721	
826	0.343826	174	0.839080	4.320849	826	0.343826	0.430000	0.422735	
853	0.302462	147	0.884354	4.320849	853	0.302462	0.388000	0.422670	
817	0.325581	183	0.857923	4.320849	817	0.325581	0.423000	0.422671	
838	0.340095	162	0.858025	4.320849	838	0.340095	0.424000	0.422673	
834	0.335731	166	0.861446	4.320849	834	0.335731	0.423000	0.422674	
831	0.282792	169	0.846154	4.320849	831	0.282792	0.378000	0.422591	
833	0.360144	167	0.796407	4.320849	833	0.360144	0.433000	0.422611	
870	0.347126	130	0.838462	4.320849	870	0.347126	0.411000	0.422589	
832	0.366587	168	0.869048	4.320849	832	0.366587	0.451000	0.422641	
822	0.301703	178	0.842697	4.320849	822	0.301703	0.398000	0.422596	
822	0.329684	178	0.837079	4.320849	822	0.329684	0.420000	0.422592	
835	0.352096	165	0.866667	4.320849	835	0.352096	0.437000	0.422618	
833	0.369748	167	0.874251	4.320849	833	0.369748	0.454000	0.422675	
838	0.317422	162	0.858025	4.320849	838	0.317422	0.405000	0.422643	
841	0.312723	159	0.823899	4.320849	841	0.312723	0.394000	0.422591	
817	0.330477	183	0.814208	4.320849	817	0.330477	0.419000	0.422584	
816	0.322304	184	0.847826	4.320849	816	0.322304	0.419000	0.422578	
838	0.361575	162	0.827160	4.320849	838	0.361575	0.437000	0.422604	
822	0.332117	178	0.831461	4.320849	822	0.332117	0.421000	0.422601	
836	0.361244	164	0.853659	4.320849	836	0.361244	0.442000	0.422636	
863	0.315180	137	0.883212	4.320849	863	0.315180	0.393000	0.422583	
827	0.314389	173	0.878613	4.320849	827	0.314389	0.412000	0.422564	
845	0.327811	155	0.870968	4.320849	845	0.327811	0.412000	0.422545	
846	0.346336	154	0.805195	4.320849	846	0.346336	0.417000	0.422535	
845	0.347929	155	0.832258	4.320849	845	0.347929	0.423000	0.422536	
841	0.311534	159	0.867925	4.320849	841	0.311534	0.400000	0.422496	
804	0.340796	196	0.836735	4.320849	804	0.340796	0.438000	0.422523	
831	0.379061	169	0.781065	4.320849	831	0.379061	0.447000	0.422567	
841	0.353151	159	0.880503	4.320849	841	0.353151	0.437000	0.422592	
830	0.318072	170	0.852941	4.320849	830	0.318072	0.409000	0.422568	
829	0.319662	171	0.900585	4.320849	829	0.319662	0.419000	0.422562	
819	0.354090	181	0.845304	4.320849	819	0.354090	0.443000	0.422598	
830	0.316867	170	0.882353	4.320849	830	0.316867	0.413000	0.422581	
838	0.352029	162	0.820988	4.320849	838	0.352029	0.428000	0.422590	
835	0.342515	165	0.830303	4.320849	835	0.342515	0.423000	0.422591	
851	0.314924	149	0.785235	4.320849	851	0.314924	0.385000	0.422525	
814	0.309582	186	0.811828	4.320849	814	0.309582	0.403000	0.422491	
825	0.316364	175	0.868571	4.320849	825	0.316364	0.413000	0.422475	
813	0.357934	187	0.860963	4.320849	813	0.357934	0.452000	0.422526	
845	0.326627	155	0.806452	4.320849	845	0.326627	0.401000	0.422489	
807	0.344486	193	0.829016	4.320849	807	0.344486	0.438000	0.422516	
812	0.320197	188	0.888298	4.320849	812	0.320197	0.427000	0.422523	
828	0.359903	172	0.813953	4.320849	828	0.359903	0.438000	0.422550	
827	0.347037	173	0.878613	4.320849	827	0.347037	0.439000	0.422579	
840	0.352381	160	0.850000	4.320849	840	0.352381	0.432000	0.422595	
827	0.362757	173	0.901734	4.320849	827	0.362757	0.456000	0.422652	
844	0.356635	156	0.814103	4.320849	844	0.356635	0.428000	0.422661	
857	0.323221	143	0.818182	4.320849	857	0.323221	0.394000	0.422612	
828	0.359903	172	0.843023	4.320849	828	0.359903	0.443000	0.422647	
849	0.322733	151	0.867550	4.320849	849	0.322733	0.405000	0.422617	
822	0.333333	178	0.831461	4.320849	822	0.333333	0.422000	0.422616	
850	0.348235	150	0.820000	4.320849	850	0.348235	0.419000	0.422610	
850	0.321176	150	0.853333	4.320849	850	0.321176	0.401000	0.422573	
829	0.373945	171	0.842105	4.320849	829	0.373945	0.454000	0.422626	
842	0.383610	158	0.841772	4.320849	842	0.383610	0.456000	0.422683	
815	0.315337	185	0.816216	4.320849	815	0.315337	0.408000	0.422658	
820	0.320732	180	0.800000	4.320849	820	0.320732	0.407000	0.422632	
819	0.321123	181	0.856354	4.320849	819	0.321123	0.418000	0.422624	
830	0.320482	170	0.835294	4.320849	830	0.320482	0.408000	0.422599	
847	0.356553	153	0.797386	4.320849	847	0.356553	0.424000	0.422602	
836	0.358852	164	0.859756	4.320849	836	0.358852	0.441000	0.422632	
836	0.308612	164	0.847561	4.320849	836	0.308612	0.397000	0.422590	
829	0.353438	171	0.742690	4.320849	829	0.353438	0.420000	0.422585	
820	0.348780	180	0.833333	4.320849	820	0.348780	0.436000	0.422608	
834	0.389688	166	0.861446	4.320849	834	0.389688	0.468000	0.422683	
841	0.322235	159	0.867925	4.320849	841	0.322235	0.409000	0.422660	
823	0.339004	177	0.847458	4.320849	823	0.339004	0.429000	0.422671	
838	0.356802	162	0.820988	4.320849	838	0.356802	0.432000	0.422686	
808	0.337871	192	0.838542	4.320849	808	0.337871	0.434000	0.422705	
850	0.351765	150	0.893333	4.320849	850	0.351765	0.433000	0.422722	
824	0.354369	176	0.875000	4.320849	824	0.354369	0.446000	0.422760	
826	0.368039	174	0.810345	4.320849	826	0.368039	0.445000	0.422797	
829	0.331725	171	0.795322	4.320849	829	0.331725	0.411000	0.422778	
822	0.339416	178	0.870787	4.320849	822	0.339416	0.434000	0.422796	
833	0.374550	167	0.856287	4.320849	833	0.374550	0.455000	0.422849	
821	0.343484	179	0.832402	4.320849	821	0.343484	0.431000	0.422862	
830	0.332530	170	0.717647	4.320849	830	0.332530	0.398000	0.422821	
819	0.358974	181	0.834254	4.320849	819	0.358974	0.445000	0.422858	
825	0.322424	175	0.828571	4.320849	825	0.322424	0.411000	0.422838	
853	0.352872	147	0.823129	4.320849	853	0.352872	0.422000	0.422837	
846	0.296690	154	0.824675	4.320849	846	0.296690	0.378000	0.422764	
843	0.316726	157	0.866242	4.320849	843	0.316726	0.403000	0.422732	
848	0.332547	152	0.848684	4.320849	848	0.332547	0.411000	0.422713	
856	0.334112	144	0.798611	4.320849	856	0.334112	0.401000	0.422678	
827	0.278114	173	0.832370	4.320849	827	0.278114	0.374000	0.422600	
839	0.363528	161	0.875776	4.320849	839	0.363528	0.446000	0.422638	
827	0.361548	173	0.901734	4.320849	827	0.361548	0.455000	0.422690	
835	0.307784	165	0.818182	4.320849	835	0.307784	0.392000	0.422640	
845	0.314793	155	0.870968	4.320849	845	0.314793	0.401000	0.422606	
848	0.331368	152	0.881579	4.320849	848	0.331368	0.415000	0.422594	
854	0.309133	146	0.890411	4.320849	854	0.309133	0.394000	0.422548	
833	0.294118	167	0.772455	4.320849	833	0.294118	0.374000	0.422471	
811	0.341554	189	0.793651	4.320849	811	0.341554	0.427000	0.422478	
830	0.343373	170	0.800000	4.320849	830	0.343373	0.421000	0.422476	
821	0.367844	179	0.865922	4.320849	821	0.367844	0.457000	0.422530	
852	0.343897	148	0.905405	4.320849	852	0.343897	0.427000	0.422537	
839	0.303933	161	0.888199	4.320849	839	0.303933	0.398000	0.422499	
814	0.331695	186	0.817204	4.320849	814	0.331695	0.422000	0.422498	
837	0.317802	163	0.828221	4.320849	837	0.317802	0.401000	0.422464	
810	0.351852	190	0.784211	4.320849	810	0.351852	0.434000	0.422482	
823	0.318348	177	0.881356	4.320849	823	0.318348	0.418000	0.422475	
811	0.297164	189	0.798942	4.320849	811	0.297164	0.392000	0.422427	
832	0.324519	168	0.815476	4.320849	832	0.324519	0.407000	0.422403	
834	0.339329	166	0.891566	4.320849	834	0.339329	0.431000	0.422417	
841	0.322235	159	0.849057	4.320849	841	0.322235	0.406000	0.422391	
838	0.350835	162	0.876543	4.320849	838	0.350835	0.436000	0.422412	
826	0.306295	174	0.890805	4.320849	826	0.306295	0.408000	0.422390	
854	0.360656	146	0.842466	4.320849	854	0.360656	0.431000	0.422403	
851	0.336075	149	0.872483	4.320849	851	0.336075	0.416000	0.422393	
833	0.360144	167	0.820359	4.320849	833	0.360144	0.437000	0.422416	
834	0.328537	166	0.819277	4.320849	834	0.328537	0.410000	0.422397	
799	0.351690	201	0.830846	4.320849	799	0.351690	0.448000	0.422436	
823	0.324423	177	0.841808	4.320849	823	0.324423	0.416000	0.422426	
821	0.350792	179	0.865922	4.320849	821	0.350792	0.443000	0.422458	
840	0.314286	160	0.875000	4.320849	840	0.314286	0.404000	0.422429	
851	0.317274	149	0.845638	4.320849	851	0.317274	0.396000	0.422389	
830	0.342169	170	0.829412	4.320849	830	0.342169	0.425000	0.422393	
848	0.303066	152	0.835526	4.320849	848	0.303066	0.384000	0.422334	
838	0.335322	162	0.851852	4.320849	838	0.335322	0.419000	0.422329	
815	0.309202	185	0.837838	4.320849	815	0.309202	0.407000	0.422306	
846	0.360520	154	0.863636	4.320849	846	0.360520	0.438000	0.422330	
861	0.363531	139	0.841727	4.320849	861	0.363531	0.430000	0.422341	
816	0.333333	184	0.864130	4.320849	816	0.333333	0.431000	0.422354	
831	0.327316	169	0.834320	4.320849	831	0.327316	0.413000	0.422340	
834	0.360911	166	0.813253	4.320849	834	0.360911	0.436000	0.422361	
829	0.308806	171	0.789474	4.320849	829	0.308806	0.391000	0.422314	
815	0.311656	185	0.859459	4.320849	815	0.311656	0.413000	0.422300	
826	0.342615	174	0.862069	4.320849	826	0.342615	0.433000	0.422316	
816	0.345588	184	0.896739	4.320849	816	0.345588	0.447000	0.422353	
850	0.344706	150	0.853333	4.320849	850	0.344706	0.421000	0.422351	
819	0.329670	181	0.850829	4.320849	819	0.329670	0.424000	0.422353	
840	0.358333	160	0.856250	4.320849	840	0.358333	0.438000	0.422377	
823	0.315917	177	0.858757	4.320849	823	0.315917	0.412000	0.422361	
849	0.369847	151	0.807947	4.320849	849	0.369847	0.436000	0.422381	
830	0.348193	170	0.805882	4.320849	830	0.348193	0.426000	0.422387	
846	0.321513	154	0.857143	4.320849	846	0.321513	0.404000	0.422359	
832	0.359375	168	0.857143	4.320849	832	0.359375	0.443000	0.422390	
815	0.301840	185	0.805405	4.320849	815	0.301840	0.395000	0.422350	
814	0.320639	186	0.817204	4.320849	814	0.320639	0.413000	0.422336	
818	0.361858	182	0.807692	4.320849	818	0.361858	0.443000	0.422366	
817	0.356181	183	0.863388	4.320849	817	0.356181	0.449000	0.422406	
858	0.313520	142	0.901408	4.320849	858	0.313520	0.397000	0.422368	
841	0.323424	159	0.811321	4.320849	841	0.323424	0.401000	0.422337	
821	0.320341	179	0.877095	4.320849	821	0.320341	0.420000	0.422333	
841	0.317479	159	0.842767	4.320849	841	0.317479	0.401000	0.422302	
828	0.344203	172	0.848837	4.320849	828	0.344203	0.431000	0.422315	
828	0.355072	172	0.813953	4.320849	828	0.355072	0.434000	0.422332	
834	0.336930	166	0.867470	4.320849	834	0.336930	0.425000	0.422336	
858	0.347319	142	0.845070	4.320849	858	0.347319	0.418000	0.422329	
839	0.346841	161	0.832298	4.320849	839	0.346841	0.425000	0.422333	
836	0.342105	164	0.841463	4.320849	836	0.342105	0.424000	0.422336	
806	0.310174	194	0.840206	4.320849	806	0.310174	0.413000	0.422322	
843	0.342823	157	0.808917	4.320849	843	0.342823	0.416000	0.422313	
814	0.340295	186	0.763441	4.320849	814	0.340295	0.419000	0.422308	
821	0.310597	179	0.821229	4.320849	821	0.310597	0.402000	0.422279	
811	0.323058	189	0.841270	4.320849	811	0.323058	0.421000	0.422277	
832	0.353365	168	0.833333	4.320849	832	0.353365	0.434000	0.422294	
848	0.356132	152	0.835526	4.320849	848	0.356132	0.429000	0.422303	
830	0.333735	170	0.794118	4.320849	830	0.333735	0.412000	0.422289	
811	0.372380	189	0.830688	4.320849	811	0.372380	0.459000	0.422341	
805	0.326708	195	0.861538	4.320849	805	0.326708	0.431000	0.422354	
848	0.319575	152	0.855263	4.320849	848	0.319575	0.401000	0.422323	
847	0.356553	153	0.849673	4.320849	847	0.356553	0.432000	0.422337	
846	0.334515	154	0.772727	4.320849	846	0.334515	0.402000	0.422308	
836	0.344498	164	0.853659	4.320849	836	0.344498	0.428000	0.422316	
837	0.311828	163	0.852761	4.320849	837	0.311828	0.400000	0.422284	
819	0.333333	181	0.861878	4.320849	819	0.333333	0.429000	0.422294	
846	0.335697	154	0.863636	4.320849	846	0.335697	0.417000	0.422286	
825	0.335758	175	0.874286	4.320849	825	0.335758	0.430000	0.422297	
850	0.360000	150	0.866667	4.320849	850	0.360000	0.436000	0.422317	
825	0.328485	175	0.822857	4.320849	825	0.328485	0.415000	0.422306	
830	0.348193	170	0.794118	4.320849	830	0.348193	0.424000	0.422309	
839	0.345650	161	0.826087	4.320849	839	0.345650	0.423000	0.422310	
855	0.345029	145	0.875862	4.320849	855	0.345029	0.422000	0.422309	
823	0.346294	177	0.836158	4.320849	823	0.346294	0.433000	0.422324	
812	0.349754	188	0.835106	4.320849	812	0.349754	0.441000	0.422351	
840	0.352381	160	0.887500	4.320849	840	0.352381	0.438000	0.422372	
841	0.343639	159	0.823899	4.320849	841	0.343639	0.420000	0.422369	
816	0.335784	184	0.869565	4.320849	816	0.335784	0.434000	0.422385	
841	0.348395	159	0.867925	4.320849	841	0.348395	0.431000	0.422397	
844	0.335308	156	0.891026	4.320849	844	0.335308	0.422000	0.422397	
849	0.354535	151	0.807947	4.320849	849	0.354535	0.423000	0.422398	
842	0.362233	158	0.917722	4.320849	842	0.362233	0.450000	0.422436	
860	0.332558	140	0.871429	4.320849	860	0.332558	0.408000	0.422416	
832	0.336538	168	0.827381	4.320849	832	0.336538	0.419000	0.422411	
834	0.338129	166	0.813253	4.320849	834	0.338129	0.417000	0.422404	
852	0.372066	148	0.858108	4.320849	852	0.372066	0.444000	0.422434	
831	0.312876	169	0.816568	4.320849	831	0.312876	0.398000	0.422400	
852	0.367371	148	0.878378	4.320849	852	0.367371	0.443000	0.422428	
848	0.327830	152	0.855263	4.320849	848	0.327830	0.408000	0.422409	
825	0.334545	175	0.862857	4.320849	825	0.334545	0.427000	0.422415	
836	0.330144	164	0.841463	4.320849	836	0.330144	0.414000	0.422403	
837	0.304659	163	0.907975	4.320849	837	0.304659	0.403000	0.422377	
835	0.371257	165	0.848485	4.320849	835	0.371257	0.450000	0.422414	
846	0.335697	154	0.857143	4.320849	846	0.335697	0.416000	0.422406	
849	0.341578	151	0.854305	4.320849	849	0.341578	0.419000	0.422401	
837	0.334528	163	0.822086	4.320849	837	0.334528	0.414000	0.422390	
825	0.327273	175	0.817143	4.320849	825	0.327273	0.413000	0.422377	
838	0.319809	162	0.833333	4.320849	838	0.319809	0.403000	0.422350	
867	0.314879	133	0.804511	4.320849	867	0.314879	0.380000	0.422293	
857	0.341890	143	0.832168	4.320849	857	0.341890	0.412000	0.422279	
836	0.356459	164	0.853659	4.320849	836	0.356459	0.438000	0.422300	
847	0.342385	153	0.856209	4.320849	847	0.342385	0.421000	0.422298	
815	0.338650	185	0.832432	4.320849	815	0.338650	0.430000	0.422309	
843	0.339265	157	0.757962	4.320849	843	0.339265	0.405000	0.422286	
838	0.369928	162	0.895062	4.320849	838	0.369928	0.455000	0.422330	
848	0.338443	152	0.848684	4.320849	848	0.338443	0.416000	0.422321	
820	0.358537	180	0.838889	4.320849	820	0.358537	0.445000	0.422352	
814	0.362408	186	0.817204	4.320849	814	0.362408	0.447000	0.422385	
846	0.351064	154	0.922078	4.320849	846	0.351064	0.439000	0.422407	
831	0.341757	169	0.840237	4.320849	831	0.341757	0.426000	0.422412	
833	0.362545	167	0.862275	4.320849	833	0.362545	0.446000	0.422443	
822	0.366180	178	0.786517	4.320849	822	0.366180	0.441000	0.422468	
840	0.345238	160	0.756250	4.320849	840	0.345238	0.411000	0.422453	
842	0.357482	158	0.791139	4.320849	842	0.357482	0.426000	0.422457	
832	0.341346	168	0.892857	4.320849	832	0.341346	0.434000	0.422473	
837	0.313023	163	0.803681	4.320849	837	0.313023	0.393000	0.422434	
840	0.346429	160	0.800000	4.320849	840	0.346429	0.419000	0.422429	
842	0.330166	158	0.886076	4.320849	842	0.330166	0.418000	0.422423	
838	0.322196	162	0.901235	4.320849	838	0.322196	0.416000	0.422415	
811	0.372380	189	0.820106	4.320849	811	0.372380	0.457000	0.422460	
825	0.315152	175	0.811429	4.320849	825	0.315152	0.402000	0.422433	
853	0.350528	147	0.775510	4.320849	853	0.350528	0.413000	0.422421	
839	0.369487	161	0.838509	4.320849	839	0.369487	0.445000	0.422451	
842	0.351544	158	0.829114	4.320849	842	0.351544	0.427000	0.422457	
854	0.347775	146	0.828767	4.320849	854	0.347775	0.418000	0.422451	
850	0.351765	150	0.840000	4.320849	850	0.351765	0.425000	0.422454	
836	0.344498	164	0.859756	4.320849	836	0.344498	0.429000	0.422463	
834	0.348921	166	0.849398	4.320849	834	0.348921	0.432000	0.422475	
842	0.327791	158	0.854430	4.320849	842	0.327791	0.411000	0.422460	
846	0.325059	154	0.863636	4.320849	846	0.325059	0.408000	0.422441	
846	0.299054	154	0.850649	4.320849	846	0.299054	0.384000	0.422391	
830	0.320482	170	0.858824	4.320849	830	0.320482	0.412000	0.422378	
819	0.341880	181	0.900552	4.320849	819	0.341880	0.443000	0.422405	
852	0.334507	148	0.864865	4.320849	852	0.334507	0.413000	0.422392	
835	0.330539	165	0.836364	4.320849	835	0.330539	0.414000	0.422382	
835	0.352096	165	0.848485	4.320849	835	0.352096	0.434000	0.422397	
835	0.328144	165	0.806061	4.320849	835	0.328144	0.407000	0.422377	
830	0.338554	170	0.870588	4.320849	830	0.338554	0.429000	0.422385	
838	0.346062	162	0.895062	4.320849	838	0.346062	0.435000	0.422402	
821	0.356882	179	0.782123	4.320849	821	0.356882	0.433000	0.422415	
848	0.321934	152	0.875000	4.320849	848	0.321934	0.406000	0.422394	
821	0.342266	179	0.832402	4.320849	821	0.342266	0.430000	0.422404	
837	0.360812	163	0.815951	4.320849	837	0.360812	0.435000	0.422420	
828	0.329710	172	0.843023	4.320849	828	0.329710	0.418000	0.422414	
840	0.389286	160	0.837500	4.320849	840	0.389286	0.461000	0.422464	
828	0.327295	172	0.854651	4.320849	828	0.327295	0.418000	0.422458	
835	0.354491	165	0.830303	4.320849	835	0.354491	0.433000	0.422471	
833	0.332533	167	0.784431	4.320849	833	0.332533	0.408000	0.422453	
833	0.367347	167	0.814371	4.320849	833	0.367347	0.442000	0.422478	
817	0.326805	183	0.803279	4.320849	817	0.326805	0.414000	0.422467	
836	0.320574	164	0.835366	4.320849	836	0.320574	0.405000	0.422445	
841	0.323424	159	0.842767	4.320849	841	0.323424	0.406000	0.422424	
845	0.352663	155	0.858065	4.320849	845	0.352663	0.431000	0.422435	
855	0.367251	145	0.793103	4.320849	855	0.367251	0.429000	0.422443	
855	0.338012	145	0.862069	4.320849	855	0.338012	0.414000	0.422433	
823	0.356015	177	0.881356	4.320849	823	0.356015	0.449000	0.422466	
835	0.346108	165	0.787879	4.320849	835	0.346108	0.419000	0.422462	
841	0.326992	159	0.805031	4.320849	841	0.326992	0.403000	0.422437	
844	0.327014	156	0.858974	4.320849	844	0.327014	0.410000	0.422422	
832	0.324519	168	0.821429	4.320849	832	0.324519	0.408000	0.422403	
824	0.364078	176	0.812500	4.320849	824	0.364078	0.443000	0.422429	
821	0.303289	179	0.854749	4.320849	821	0.303289	0.402000	0.422404	
813	0.323493	187	0.775401	4.320849	813	0.323493	0.408000	0.422386	
853	0.329426	147	0.782313	4.320849	853	0.329426	0.396000	0.422353	
836	0.303828	164	0.823171	4.320849	836	0.303828	0.389000	0.422311	
847	0.295159	153	0.764706	4.320849	847	0.295159	0.367000	0.422242	
825	0.332121	175	0.851429	4.320849	825	0.332121	0.423000	0.422243	
828	0.351449	172	0.813953	4.320849	828	0.351449	0.431000	0.422254	
837	0.336918	163	0.815951	4.320849	837	0.336918	0.415000	0.422245	
825	0.339394	175	0.880000	4.320849	825	0.339394	0.434000	0.422260	
827	0.319226	173	0.815029	4.320849	827	0.319226	0.405000	0.422238	
828	0.346618	172	0.825581	4.320849	828	0.346618	0.429000	0.422247	
841	0.318668	159	0.899371	4.320849	841	0.318668	0.411000	0.422233	
848	0.354953	152	0.855263	4.320849	848	0.354953	0.431000	0.422244	
837	0.344086	163	0.828221	4.320849	837	0.344086	0.423000	0.422245	
835	0.360479	165	0.872727	4.320849	835	0.360479	0.445000	0.422273	
853	0.328253	147	0.816327	4.320849	853	0.328253	0.400000	0.422245	
843	0.311981	157	0.866242	4.320849	843	0.311981	0.399000	0.422217	
827	0.347037	173	0.780347	4.320849	827	0.347037	0.422000	0.422216	
825	0.335758	175	0.822857	4.320849	825	0.335758	0.421000	0.422215	
843	0.358244	157	0.834395	4.320849	843	0.358244	0.433000	0.422228	
822	0.333333	178	0.853933	4.320849	822	0.333333	0.426000	0.422233	
818	0.376528	182	0.846154	4.320849	818	0.376528	0.462000	0.422281	
849	0.365135	151	0.788079	4.320849	849	0.365135	0.429000	0.422289	
849	0.303887	151	0.867550	4.320849	849	0.303887	0.389000	0.422249	
836	0.337321	164	0.902439	4.320849	836	0.337321	0.430000	0.422258	
834	0.363309	166	0.831325	4.320849	834	0.363309	0.441000	0.422281	
835	0.343713	165	0.818182	4.320849	835	0.343713	0.422000	0.422281	
841	0.312723	159	0.855346	4.320849	841	0.312723	0.399000	0.422253	
839	0.342074	161	0.819876	4.320849	839	0.342074	0.419000	0.422249	
823	0.324423	177	0.802260	4.320849	823	0.324423	0.409000	0.422233	
809	0.395550	191	0.842932	4.320849	809	0.395550	0.481000	0.422303	
833	0.333733	167	0.868263	4.320849	833	0.333733	0.423000	0.422304	
837	0.336918	163	0.846626	4.320849	837	0.336918	0.420000	0.422302	
833	0.337335	167	0.850299	4.320849	833	0.337335	0.423000	0.422302	
830	0.337349	170	0.811765	4.320849	830	0.337349	0.418000	0.422297	
837	0.364397	163	0.828221	4.320849	837	0.364397	0.440000	0.422318	
847	0.350649	153	0.758170	4.320849	847	0.350649	0.413000	0.422307	
819	0.343101	181	0.812155	4.320849	819	0.343101	0.428000	0.422314	
818	0.374083	182	0.873626	4.320849	818	0.374083	0.465000	0.422365	
854	0.330211	146	0.856164	4.320849	854	0.330211	0.407000	0.422347	
838	0.330549	162	0.802469	4.320849	838	0.330549	0.407000	0.422328	
825	0.349091	175	0.834286	4.320849	825	0.349091	0.434000	0.422342	
803	0.322540	197	0.857868	4.320849	803	0.322540	0.428000	0.422349	
810	0.335802	190	0.868421	4.320849	810	0.335802	0.437000	0.422366	
829	0.344994	171	0.859649	4.320849	829	0.344994	0.433000	0.422379	
842	0.351544	158	0.797468	4.320849	842	0.351544	0.422000	0.422379	
837	0.324970	163	0.797546	4.320849	837	0.324970	0.402000	0.422355	
830	0.342169	170	0.835294	4.320849	830	0.342169	0.426000	0.422359	
824	0.365291	176	0.863636	4.320849	824	0.365291	0.453000	0.422395	
822	0.366180	178	0.893258	4.320849	822	0.366180	0.460000	0.422439	
804	0.338308	196	0.872449	4.320849	804	0.338308	0.443000	0.422464	
842	0.339667	158	0.797468	4.320849	842	0.339667	0.412000	0.422451	
839	0.348033	161	0.850932	4.320849	839	0.348033	0.429000	0.422459	
839	0.351609	161	0.819876	4.320849	839	0.351609	0.427000	0.422464	
832	0.306490	168	0.803571	4.320849	832	0.306490	0.390000	0.422426	
827	0.309553	173	0.872832	4.320849	827	0.309553	0.407000	0.422408	
818	0.321516	182	0.879121	4.320849	818	0.321516	0.423000	0.422409	
818	0.330073	182	0.835165	4.320849	818	0.330073	0.422000	0.422408	
839	0.319428	161	0.850932	4.320849	839	0.319428	0.405000	0.422388	
844	0.332938	156	0.878205	4.320849	844	0.332938	0.418000	0.422383	
836	0.316986	164	0.853659	4.320849	836	0.316986	0.405000	0.422363	
845	0.340828	155	0.825806	4.320849	845	0.340828	0.416000	0.422355	
839	0.324195	161	0.813665	4.320849	839	0.324195	0.403000	0.422333	
831	0.317690	169	0.828402	4.320849	831	0.317690	0.404000	0.422312	
825	0.332121	175	0.788571	4.320849	825	0.332121	0.412000	0.422300	
846	0.382979	154	0.811688	4.320849	846	0.382979	0.449000	0.422331	
833	0.333733	167	0.814371	4.320849	833	0.333733	0.414000	0.422321	
824	0.383495	176	0.806818	4.320849	824	0.383495	0.458000	0.422362	
824	0.300971	176	0.789773	4.320849	824	0.300971	0.387000	0.422321	
820	0.357317	180	0.911111	4.320849	820	0.357317	0.457000	0.422361	
832	0.329327	168	0.761905	4.320849	832	0.329327	0.402000	0.422338	
845	0.360947	155	0.903226	4.320849	845	0.360947	0.445000	0.422364	
817	0.340269	183	0.846995	4.320849	817	0.340269	0.433000	0.422376	
827	0.339782	173	0.815029	4.320849	827	0.339782	0.422000	0.422376	
831	0.347774	169	0.834320	4.320849	831	0.347774	0.430000	0.422384	
839	0.345650	161	0.863354	4.320849	839	0.345650	0.429000	0.422392	
844	0.338863	156	0.865385	4.320849	844	0.338863	0.421000	0.422390	
810	0.337037	190	0.842105	4.320849	810	0.337037	0.433000	0.422402	
822	0.380779	178	0.893258	4.320849	822	0.380779	0.472000	0.422459	
810	0.350617	190	0.831579	4.320849	810	0.350617	0.442000	0.422481	
826	0.329298	174	0.850575	4.320849	826	0.329298	0.420000	0.422478	
848	0.336085	152	0.861842	4.320849	848	0.336085	0.416000	0.422471	
858	0.363636	142	0.838028	4.320849	858	0.363636	0.431000	0.422481	
835	0.344910	165	0.787879	4.320849	835	0.344910	0.418000	0.422476	
844	0.334123	156	0.839744	4.320849	844	0.334123	0.413000	0.422465	
829	0.300362	171	0.783626	4.320849	829	0.300362	0.383000	0.422420	
843	0.357058	157	0.777070	4.320849	843	0.357058	0.423000	0.422421	
828	0.328502	172	0.860465	4.320849	828	0.328502	0.420000	0.422418	
831	0.300842	169	0.834320	4.320849	831	0.300842	0.391000	0.422383	
819	0.339438	181	0.773481	4.320849	819	0.339438	0.418000	0.422378	
833	0.346939	167	0.826347	4.320849	833	0.346939	0.427000	0.422383	
847	0.344746	153	0.869281	4.320849	847	0.344746	0.425000	0.422386	
836	0.374402	164	0.823171	4.320849	836	0.374402	0.448000	0.422415	
837	0.372760	163	0.840491	4.320849	837	0.372760	0.449000	0.422445	
834	0.359712	166	0.843373	4.320849	834	0.359712	0.440000	0.422464	
826	0.359564	174	0.839080	4.320849	826	0.359564	0.443000	0.422487	
831	0.350181	169	0.869822	4.320849	831	0.350181	0.438000	0.422505	
838	0.325776	162	0.802469	4.320849	838	0.325776	0.403000	0.422483	
852	0.350939	148	0.844595	4.320849	852	0.350939	0.424000	0.422484	
850	0.318824	150	0.840000	4.320849	850	0.318824	0.397000	0.422456	
824	0.383495	176	0.829545	4.320849	824	0.383495	0.462000	0.422500	
833	0.339736	167	0.802395	4.320849	833	0.339736	0.417000	0.422494	
816	0.310049	184	0.875000	4.320849	816	0.310049	0.414000	0.422485	
834	0.347722	166	0.843373	4.320849	834	0.347722	0.430000	0.422493	
819	0.318681	181	0.801105	4.320849	819	0.318681	0.406000	0.422475	
814	0.335381	186	0.881720	4.320849	814	0.335381	0.437000	0.422491	
830	0.346988	170	0.864706	4.320849	830	0.346988	0.435000	0.422505	
834	0.342926	166	0.813253	4.320849	834	0.342926	0.421000	0.422503	
844	0.379147	156	0.820513	4.320849	844	0.379147	0.448000	0.422531	
846	0.323877	154	0.831169	4.320849	846	0.323877	0.402000	0.422508	
853	0.324736	147	0.850340	4.320849	853	0.324736	0.402000	0.422486	
850	0.302353	150	0.873333	4.320849	850	0.302353	0.388000	0.422448	
822	0.311436	178	0.848315	4.320849	822	0.311436	0.407000	0.422431	
831	0.321300	169	0.881657	4.320849	831	0.321300	0.416000	0.422424	
827	0.332527	173	0.820809	4.320849	827	0.332527	0.417000	0.422418	
828	0.352657	172	0.843023	4.320849	828	0.352657	0.437000	0.422434	
861	0.322880	139	0.791367	4.320849	861	0.322880	0.388000	0.422396	
859	0.330617	141	0.900709	4.320849	859	0.330617	0.411000	0.422384	
822	0.349148	178	0.876404	4.320849	822	0.349148	0.443000	0.422406	
838	0.357995	162	0.864198	4.320849	838	0.357995	0.440000	0.422425	
867	0.359862	133	0.827068	4.320849	867	0.359862	0.422000	0.422425	
842	0.358670	158	0.803797	4.320849	842	0.358670	0.429000	0.422432	
838	0.336516	162	0.839506	4.320849	838	0.336516	0.418000	0.422427	
843	0.322657	157	0.840764	4.320849	843	0.322657	0.404000	0.422407	
844	0.330569	156	0.858974	4.320849	844	0.330569	0.413000	0.422397	
847	0.332940	153	0.843137	4.320849	847	0.332940	0.411000	0.422385	
850	0.312941	150	0.820000	4.320849	850	0.312941	0.389000	0.422349	
845	0.360947	155	0.870968	4.320849	845	0.360947	0.440000	0.422368	
843	0.336892	157	0.834395	4.320849	843	0.336892	0.415000	0.422360	
852	0.332160	148	0.851351	4.320849	852	0.332160	0.409000	0.422345	
807	0.361834	193	0.860104	4.320849	807	0.361834	0.458000	0.422384	
829	0.347407	171	0.883041	4.320849	829	0.347407	0.439000	0.422402	
832	0.328125	168	0.869048	4.320849	832	0.328125	0.419000	0.422398	
845	0.325444	155	0.845161	4.320849	845	0.325444	0.406000	0.422380	
819	0.355311	181	0.817680	4.320849	819	0.355311	0.439000	0.422398	
809	0.318912	191	0.858639	4.320849	809	0.318912	0.422000	0.422398	
830	0.344578	170	0.823529	4.320849	830	0.344578	0.426000	0.422402	
834	0.341727	166	0.849398	4.320849	834	0.341727	0.426000	0.422406	
821	0.330085	179	0.849162	4.320849	821	0.330085	0.423000	0.422406	
839	0.337306	161	0.881988	4.320849	839	0.337306	0.425000	0.422409	
834	0.336930	166	0.849398	4.320849	834	0.336930	0.422000	0.422408	
821	0.333739	179	0.815642	4.320849	821	0.333739	0.420000	0.422406	
816	0.344363	184	0.864130	4.320849	816	0.344363	0.440000	0.422425	
846	0.374704	154	0.831169	4.320849	846	0.374704	0.445000	0.422449	
824	0.349515	176	0.835227	4.320849	824	0.349515	0.435000	0.422462	
817	0.337821	183	0.825137	4.320849	817	0.337821	0.427000	0.422467	
813	0.323493	187	0.844920	4.320849	813	0.323493	0.421000	0.422465	
830	0.332530	170	0.800000	4.320849	830	0.332530	0.412000	0.422454	
818	0.338631	182	0.862637	4.320849	818	0.338631	0.434000	0.422466	
838	0.338902	162	0.827160	4.320849	838	0.338902	0.418000	0.422462	
819	0.329670	181	0.823204	4.320849	819	0.329670	0.419000	0.422458	
841	0.391201	159	0.861635	4.320849	841	0.391201	0.466000	0.422504	
834	0.333333	166	0.813253	4.320849	834	0.333333	0.413000	0.422494	
839	0.334923	161	0.819876	4.320849	839	0.334923	0.413000	0.422484	
827	0.345828	173	0.826590	4.320849	827	0.345828	0.429000	0.422491	
831	0.324910	169	0.846154	4.320849	831	0.324910	0.413000	0.422481	
853	0.370457	147	0.816327	4.320849	853	0.370457	0.436000	0.422495	
850	0.349412	150	0.873333	4.320849	850	0.349412	0.428000	0.422501	
817	0.367197	183	0.846995	4.320849	817	0.367197	0.455000	0.422535	
835	0.342515	165	0.739394	4.320849	835	0.342515	0.408000	0.422519	
816	0.311275	184	0.831522	4.320849	816	0.311275	0.407000	0.422503	
843	0.309609	157	0.815287	4.320849	843	0.309609	0.389000	0.422468	
829	0.314837	171	0.853801	4.320849	829	0.314837	0.407000	0.422452	
839	0.308701	161	0.913043	4.320849	839	0.308701	0.406000	0.422435	
849	0.326266	151	0.860927	4.320849	849	0.326266	0.407000	0.422419	
835	0.329341	165	0.787879	4.320849	835	0.329341	0.405000	0.422401	
840	0.350000	160	0.837500	4.320849	840	0.350000	0.428000	0.422407	
849	0.353357	151	0.821192	4.320849	849	0.353357	0.424000	0.422408	
835	0.331737	165	0.751515	4.320849	835	0.331737	0.401000	0.422386	
826	0.345036	174	0.844828	4.320849	826	0.345036	0.432000	0.422396	
855	0.321637	145	0.875862	4.320849	855	0.321637	0.402000	0.422375	
832	0.318510	168	0.851190	4.320849	832	0.318510	0.408000	0.422360	
829	0.331725	171	0.824561	4.320849	829	0.331725	0.416000	0.422354	
865	0.335260	135	0.888889	4.320849	865	0.335260	0.410000	0.422341	
829	0.352232	171	0.842105	4.320849	829	0.352232	0.436000	0.422355	
836	0.354067	164	0.841463	4.320849	836	0.354067	0.434000	0.422367	
835	0.360479	165	0.830303	4.320849	835	0.360479	0.438000	0.422383	
833	0.361345	167	0.862275	4.320849	833	0.361345	0.445000	0.422406	
833	0.289316	167	0.886228	4.320849	833	0.289316	0.389000	0.422372	
814	0.334152	186	0.822581	4.320849	814	0.334152	0.425000	0.422375	
849	0.354535	151	0.781457	4.320849	849	0.354535	0.419000	0.422371	
819	0.297924	181	0.767956	4.320849	819	0.297924	0.383000	0.422331	
840	0.373810	160	0.856250	4.320849	840	0.373810	0.451000	0.422360	
820	0.317073	180	0.811111	4.320849	820	0.317073	0.406000	0.422344	
818	0.347188	182	0.824176	4.320849	818	0.347188	0.434000	0.422356	
819	0.317460	181	0.806630	4.320849	819	0.317460	0.406000	0.422339	
826	0.336562	174	0.827586	4.320849	826	0.336562	0.422000	0.422339	
852	0.323944	148	0.783784	4.320849	852	0.323944	0.392000	0.422308	
820	0.326829	180	0.805556	4.320849	820	0.326829	0.413000	0.422298	
813	0.338253	187	0.834225	4.320849	813	0.338253	0.431000	0.422307	
824	0.348301	176	0.840909	4.320849	824	0.348301	0.435000	0.422320	
836	0.349282	164	0.835366	4.320849	836	0.349282	0.429000	0.422327	
839	0.334923	161	0.813665	4.320849	839	0.334923	0.412000	0.422316	
827	0.349456	173	0.832370	4.320849	827	0.349456	0.433000	0.422327	
832	0.331731	168	0.827381	4.320849	832	0.331731	0.415000	0.422320	
819	0.310134	181	0.828729	4.320849	819	0.310134	0.404000	0.422301	
819	0.328449	181	0.806630	4.320849	819	0.328449	0.415000	0.422294	
831	0.356197	169	0.875740	4.320849	831	0.356197	0.444000	0.422316	
827	0.334946	173	0.895954	4.320849	827	0.334946	0.432000	0.422326	
842	0.344418	158	0.841772	4.320849	842	0.344418	0.423000	0.422326	
839	0.351609	161	0.826087	4.320849	839	0.351609	0.428000	0.422332	
840	0.347619	160	0.893750	4.320849	840	0.347619	0.435000	0.422345	
825	0.333333	175	0.862857	4.320849	825	0.333333	0.426000	0.422348	
818	0.334963	182	0.807692	4.320849	818	0.334963	0.421000	0.422347	
827	0.339782	173	0.884393	4.320849	827	0.339782	0.434000	0.422359	
834	0.346523	166	0.867470	4.320849	834	0.346523	0.433000	0.422369	
840	0.338095	160	0.887500	4.320849	840	0.338095	0.426000	0.422373	
823	0.342649	177	0.881356	4.320849	823	0.342649	0.438000	0.422388	
843	0.362989	157	0.834395	4.320849	843	0.362989	0.437000	0.422403	
837	0.347670	163	0.871166	4.320849	837	0.347670	0.433000	0.422413	
850	0.335294	150	0.826667	4.320849	850	0.335294	0.409000	0.422400	
836	0.324163	164	0.865854	4.320849	836	0.324163	0.413000	0.422391	
