Rate	83.33
Tree Move	16.67
Rate Tried	% Accepted	Tree Move Tried	% Accepted	Rates - Dev	Rates - Tried	Rates - Accepted	Sample Ave Acceptance	Total Ave Acceptance	
815	0.364417	185	0.864865	4.280910	815	0.364417	0.457000	0.430506	
854	0.346604	146	0.821918	4.280910	854	0.346604	0.416000	0.429298	
815	0.346012	185	0.778378	4.280910	815	0.346012	0.426000	0.429044	
818	0.310513	182	0.862637	4.280910	818	0.310513	0.411000	0.427755	
849	0.327444	151	0.880795	4.280910	849	0.327444	0.411000	0.426638	
827	0.353083	173	0.797688	4.280910	827	0.353083	0.430000	0.426848	
855	0.370760	145	0.896552	4.280910	855	0.370760	0.447000	0.428034	
812	0.373153	188	0.808511	4.280910	812	0.373153	0.455000	0.429532	
840	0.336905	160	0.781250	4.280910	840	0.336905	0.408000	0.428399	
815	0.361963	185	0.821622	4.280910	815	0.361963	0.447000	0.429329	
835	0.397605	165	0.757576	4.280910	835	0.397605	0.457000	0.430646	
858	0.344988	142	0.816901	4.280910	858	0.344988	0.412000	0.429799	
834	0.374101	166	0.801205	4.280910	834	0.374101	0.445000	0.430460	
837	0.346476	163	0.815951	4.280910	837	0.346476	0.423000	0.430149	
835	0.340120	165	0.757576	4.280910	835	0.340120	0.409000	0.429303	
828	0.352657	172	0.813953	4.280910	828	0.352657	0.432000	0.429407	
811	0.295931	189	0.809524	4.280910	811	0.295931	0.393000	0.428058	
823	0.348724	177	0.807910	4.280910	823	0.348724	0.430000	0.428128	
829	0.383595	171	0.812865	4.280910	829	0.383595	0.457000	0.429123	
815	0.349693	185	0.837838	4.280910	815	0.349693	0.440000	0.429486	
842	0.352732	158	0.791139	4.280910	842	0.352732	0.422000	0.429244	
831	0.338147	169	0.917160	4.280910	831	0.338147	0.436000	0.429455	
822	0.328467	178	0.870787	4.280910	822	0.328467	0.425000	0.429320	
823	0.354800	177	0.847458	4.280910	823	0.354800	0.442000	0.429693	
823	0.379101	177	0.875706	4.280910	823	0.379101	0.467000	0.430759	
827	0.354293	173	0.861272	4.280910	827	0.354293	0.442000	0.431071	
815	0.400000	185	0.800000	4.280910	815	0.400000	0.474000	0.432232	
865	0.338728	135	0.814815	4.280910	865	0.338728	0.403000	0.431462	
860	0.352326	140	0.850000	4.280910	860	0.352326	0.422000	0.431220	
815	0.365644	185	0.778378	4.280910	815	0.365644	0.442000	0.431489	
826	0.334140	174	0.781609	4.280910	826	0.334140	0.412000	0.431014	
849	0.375736	151	0.821192	4.280910	849	0.375736	0.443000	0.431299	
835	0.343713	165	0.848485	4.280910	835	0.343713	0.427000	0.431199	
842	0.364608	158	0.784810	4.280910	842	0.364608	0.431000	0.431195	
851	0.353702	149	0.845638	4.280910	851	0.353702	0.427000	0.431102	
838	0.361575	162	0.783951	4.280910	838	0.361575	0.430000	0.431078	
816	0.373775	184	0.766304	4.280910	816	0.373775	0.446000	0.431395	
826	0.334140	174	0.810345	4.280910	826	0.334140	0.417000	0.431095	
824	0.358010	176	0.829545	4.280910	824	0.358010	0.441000	0.431297	
808	0.394802	192	0.760417	4.280910	808	0.394802	0.465000	0.431971	
832	0.384615	168	0.875000	4.280910	832	0.384615	0.467000	0.432658	
848	0.340802	152	0.822368	4.280910	848	0.340802	0.414000	0.432299	
823	0.363305	177	0.875706	4.280910	823	0.363305	0.454000	0.432709	
825	0.357576	175	0.788571	4.280910	825	0.357576	0.433000	0.432714	
843	0.351127	157	0.757962	4.280910	843	0.351127	0.415000	0.432392	
842	0.339667	158	0.829114	4.280910	842	0.339667	0.417000	0.432117	
855	0.354386	145	0.868966	4.280910	855	0.354386	0.429000	0.432063	
828	0.342995	172	0.831395	4.280910	828	0.342995	0.427000	0.431975	
827	0.321644	173	0.774566	4.280910	827	0.321644	0.400000	0.431433	
836	0.355263	164	0.804878	4.280910	836	0.355263	0.429000	0.431393	
824	0.354369	176	0.778409	4.280910	824	0.354369	0.429000	0.431354	
860	0.366279	140	0.750000	4.280910	860	0.366279	0.420000	0.431170	
855	0.367251	145	0.855172	4.280910	855	0.367251	0.438000	0.431279	
814	0.355037	186	0.811828	4.280910	814	0.355037	0.440000	0.431415	
821	0.381242	179	0.882682	4.280910	821	0.381242	0.471000	0.432024	
836	0.360048	164	0.829268	4.280910	836	0.360048	0.437000	0.432100	
826	0.337772	174	0.741379	4.280910	826	0.337772	0.408000	0.431740	
841	0.360285	159	0.849057	4.280910	841	0.360285	0.438000	0.431832	
805	0.347826	195	0.835897	4.280910	805	0.347826	0.443000	0.431994	
840	0.339286	160	0.800000	4.280910	840	0.339286	0.413000	0.431722	
833	0.340936	167	0.736527	4.280910	833	0.340936	0.407000	0.431374	
844	0.392180	156	0.820513	4.280910	844	0.392180	0.459000	0.431758	
837	0.369176	163	0.766871	4.280910	837	0.369176	0.434000	0.431789	
823	0.373026	177	0.779661	4.280910	823	0.373026	0.445000	0.431967	
829	0.351025	171	0.789474	4.280910	829	0.351025	0.426000	0.431888	
848	0.358491	152	0.789474	4.280910	848	0.358491	0.424000	0.431784	
813	0.340713	187	0.796791	4.280910	813	0.340713	0.426000	0.431709	
843	0.365362	157	0.828025	4.280910	843	0.365362	0.438000	0.431789	
841	0.346017	159	0.842767	4.280910	841	0.346017	0.425000	0.431703	
838	0.350835	162	0.820988	4.280910	838	0.350835	0.427000	0.431645	
859	0.362049	141	0.794326	4.280910	859	0.362049	0.423000	0.431538	
843	0.380783	157	0.802548	4.280910	843	0.380783	0.447000	0.431726	
830	0.353012	170	0.847059	4.280910	830	0.353012	0.437000	0.431790	
834	0.390887	166	0.891566	4.280910	834	0.390887	0.474000	0.432292	
814	0.359951	186	0.801075	4.280910	814	0.359951	0.442000	0.432407	
838	0.352029	162	0.777778	4.280910	838	0.352029	0.421000	0.432274	
812	0.369458	188	0.776596	4.280910	812	0.369458	0.446000	0.432432	
818	0.378973	182	0.846154	4.280910	818	0.378973	0.464000	0.432791	
804	0.351990	196	0.872449	4.280910	804	0.351990	0.454000	0.433029	
832	0.326923	168	0.845238	4.280910	832	0.326923	0.414000	0.432817	
821	0.369062	179	0.815642	4.280910	821	0.369062	0.449000	0.432995	
825	0.376970	175	0.851429	4.280910	825	0.376970	0.460000	0.433289	
845	0.349112	155	0.774194	4.280910	845	0.349112	0.415000	0.433092	
828	0.370773	172	0.854651	4.280910	828	0.370773	0.454000	0.433315	
821	0.350792	179	0.793296	4.280910	821	0.350792	0.430000	0.433280	
828	0.376812	172	0.813953	4.280910	828	0.376812	0.452000	0.433475	
820	0.332927	180	0.822222	4.280910	820	0.332927	0.421000	0.433346	
826	0.345036	174	0.787356	4.280910	826	0.345036	0.422000	0.433230	
846	0.348700	154	0.798701	4.280910	846	0.348700	0.418000	0.433076	
817	0.356181	183	0.803279	4.280910	817	0.356181	0.438000	0.433126	
817	0.345165	183	0.874317	4.280910	817	0.345165	0.442000	0.433214	
829	0.353438	171	0.801170	4.280910	829	0.353438	0.430000	0.433182	
829	0.331725	171	0.830409	4.280910	829	0.331725	0.417000	0.433025	
814	0.305897	186	0.854839	4.280910	814	0.305897	0.408000	0.432784	
842	0.376485	158	0.860759	4.280910	842	0.376485	0.453000	0.432977	
842	0.351544	158	0.816456	4.280910	842	0.351544	0.425000	0.432902	
838	0.337709	162	0.771605	4.280910	838	0.337709	0.408000	0.432669	
822	0.389294	178	0.808989	4.280910	822	0.389294	0.464000	0.432959	
841	0.336504	159	0.811321	4.280910	841	0.336504	0.412000	0.432767	
846	0.338061	154	0.824675	4.280910	846	0.338061	0.413000	0.432587	
851	0.379553	149	0.798658	4.280910	851	0.379553	0.442000	0.432672	
835	0.332934	165	0.800000	4.280910	835	0.332934	0.410000	0.432469	
819	0.349206	181	0.817680	4.280910	819	0.349206	0.434000	0.432483	
828	0.376812	172	0.831395	4.280910	828	0.376812	0.455000	0.432680	
828	0.339372	172	0.831395	4.280910	828	0.339372	0.424000	0.432605	
862	0.345708	138	0.862319	4.280910	862	0.345708	0.417000	0.432470	
850	0.367059	150	0.813333	4.280910	850	0.367059	0.434000	0.432483	
825	0.361212	175	0.851429	4.280910	825	0.361212	0.447000	0.432607	
860	0.351163	140	0.878571	4.280910	860	0.351163	0.425000	0.432543	
839	0.338498	161	0.838509	4.280910	839	0.338498	0.419000	0.432430	
830	0.363855	170	0.835294	4.280910	830	0.363855	0.444000	0.432525	
828	0.357488	172	0.854651	4.280910	828	0.357488	0.443000	0.432611	
837	0.358423	163	0.822086	4.280910	837	0.358423	0.434000	0.432622	
842	0.371734	158	0.803797	4.280910	842	0.371734	0.440000	0.432682	
818	0.363081	182	0.774725	4.280910	818	0.363081	0.438000	0.432725	
832	0.361779	168	0.803571	4.280910	832	0.361779	0.436000	0.432751	
857	0.346558	143	0.818182	4.280910	857	0.346558	0.414000	0.432603	
849	0.355713	151	0.827815	4.280910	849	0.355713	0.427000	0.432559	
837	0.329749	163	0.822086	4.280910	837	0.329749	0.410000	0.432384	
844	0.393365	156	0.839744	4.280910	844	0.393365	0.463000	0.432620	
835	0.388024	165	0.787879	4.280910	835	0.388024	0.454000	0.432783	
835	0.379641	165	0.751515	4.280910	835	0.379641	0.441000	0.432845	
852	0.366197	148	0.790541	4.280910	852	0.366197	0.429000	0.432816	
839	0.370679	161	0.782609	4.280910	839	0.370679	0.437000	0.432848	
835	0.356886	165	0.830303	4.280910	835	0.356886	0.435000	0.432863	
841	0.359096	159	0.849057	4.280910	841	0.359096	0.437000	0.432894	
814	0.366093	186	0.811828	4.280910	814	0.366093	0.449000	0.433011	
844	0.343602	156	0.782051	4.280910	844	0.343602	0.412000	0.432859	
853	0.329426	147	0.809524	4.280910	853	0.329426	0.400000	0.432623	
830	0.351807	170	0.741176	4.280910	830	0.351807	0.418000	0.432518	
839	0.384982	161	0.795031	4.280910	839	0.384982	0.451000	0.432649	
837	0.323775	163	0.815951	4.280910	837	0.323775	0.404000	0.432448	
794	0.362720	206	0.854369	4.280910	794	0.362720	0.464000	0.432668	
829	0.330519	171	0.824561	4.280910	829	0.330519	0.415000	0.432546	
842	0.326603	158	0.797468	4.280910	842	0.326603	0.401000	0.432328	
852	0.414319	148	0.824324	4.280910	852	0.414319	0.475000	0.432620	
831	0.288809	169	0.840237	4.854197	831	0.288809	0.382000	0.432276	
835	0.286228	165	0.793939	4.854197	835	0.286228	0.370000	0.431855	
824	0.287621	176	0.818182	4.854197	824	0.287621	0.381000	0.431514	
825	0.293333	175	0.845714	4.854197	825	0.293333	0.390000	0.431237	
844	0.299763	156	0.871795	4.854197	844	0.299763	0.389000	0.430957	
835	0.298204	165	0.751515	4.854197	835	0.298204	0.373000	0.430576	
820	0.343902	180	0.755556	4.854197	820	0.343902	0.418000	0.430494	
822	0.306569	178	0.808989	4.854197	822	0.306569	0.396000	0.430270	
816	0.301471	184	0.788043	4.854197	816	0.301471	0.391000	0.430017	
825	0.318788	175	0.845714	4.854197	825	0.318788	0.411000	0.429895	
825	0.287273	175	0.748571	4.854197	825	0.287273	0.368000	0.429500	
822	0.277372	178	0.825843	4.854197	822	0.277372	0.375000	0.429156	
802	0.335411	198	0.818182	4.854197	802	0.335411	0.431000	0.429167	
816	0.329657	184	0.777174	4.854197	816	0.329657	0.412000	0.429060	
795	0.303145	205	0.809756	4.854197	795	0.303145	0.407000	0.428923	
828	0.291063	172	0.819767	4.854197	828	0.291063	0.382000	0.428633	
840	0.326190	160	0.843750	4.854197	840	0.326190	0.409000	0.428513	
830	0.326506	170	0.858824	4.854197	830	0.326506	0.417000	0.428443	
863	0.298957	137	0.846715	4.854197	863	0.298957	0.374000	0.428113	
838	0.322196	162	0.796296	4.854197	838	0.322196	0.399000	0.427937	
817	0.296206	183	0.863388	4.854197	817	0.296206	0.400000	0.427770	
849	0.333333	151	0.821192	4.854197	849	0.333333	0.407000	0.427646	
840	0.366667	160	0.775000	4.854197	840	0.366667	0.432000	0.427672	
846	0.320331	154	0.779221	4.854197	846	0.320331	0.391000	0.427456	
850	0.302353	150	0.880000	4.854197	850	0.302353	0.389000	0.427231	
838	0.311456	162	0.796296	4.854197	838	0.311456	0.390000	0.427015	
833	0.302521	167	0.838323	4.854197	833	0.302521	0.392000	0.426813	
849	0.299176	151	0.841060	4.854197	849	0.299176	0.381000	0.426549	
832	0.335337	168	0.803571	4.854197	832	0.335337	0.414000	0.426478	
840	0.308333	160	0.806250	4.854197	840	0.308333	0.388000	0.426259	
820	0.273171	180	0.833333	4.854197	820	0.273171	0.374000	0.425964	
831	0.327316	169	0.840237	4.854197	831	0.327316	0.414000	0.425896	
826	0.315981	174	0.821839	4.854197	826	0.315981	0.404000	0.425774	
834	0.336930	166	0.879518	4.854197	834	0.336930	0.427000	0.425781	
834	0.279376	166	0.783133	4.854197	834	0.279376	0.363000	0.425434	
835	0.298204	165	0.812121	4.854197	835	0.298204	0.383000	0.425201	
841	0.334126	159	0.817610	4.854197	841	0.334126	0.411000	0.425123	
815	0.306748	185	0.864865	4.854197	815	0.306748	0.410000	0.425041	
826	0.312349	174	0.867816	4.854197	826	0.312349	0.409000	0.424954	
824	0.322816	176	0.846591	4.854197	824	0.322816	0.415000	0.424901	
842	0.280285	158	0.734177	4.854197	842	0.280285	0.352000	0.424511	
834	0.305755	166	0.837349	4.854197	834	0.305755	0.394000	0.424349	
856	0.357477	144	0.805556	4.854197	856	0.357477	0.422000	0.424336	
846	0.267139	154	0.766234	4.854197	846	0.267139	0.344000	0.423914	
834	0.296163	166	0.819277	4.854197	834	0.296163	0.383000	0.423699	
818	0.284841	182	0.824176	4.854197	818	0.284841	0.383000	0.423487	
817	0.276622	183	0.770492	4.854197	817	0.276622	0.367000	0.423195	
853	0.302462	147	0.829932	4.854197	853	0.302462	0.380000	0.422972	
827	0.315599	173	0.855491	4.854197	827	0.315599	0.409000	0.422900	
835	0.347305	165	0.818182	4.854197	835	0.347305	0.425000	0.422911	
832	0.330529	168	0.761905	4.854197	832	0.330529	0.403000	0.422810	
845	0.328994	155	0.832258	4.854197	845	0.328994	0.407000	0.422730	
838	0.317422	162	0.882716	4.854197	838	0.317422	0.409000	0.422661	
828	0.318841	172	0.825581	4.854197	828	0.318841	0.406000	0.422578	
840	0.347619	160	0.831250	4.854197	840	0.347619	0.425000	0.422590	
830	0.327711	170	0.829412	4.854197	830	0.327711	0.413000	0.422542	
841	0.298454	159	0.817610	4.854197	841	0.298454	0.381000	0.422338	
843	0.333333	157	0.834395	4.854197	843	0.333333	0.412000	0.422287	
832	0.359375	168	0.857143	4.854197	832	0.359375	0.443000	0.422388	
840	0.297619	160	0.818750	4.854197	840	0.297619	0.381000	0.422187	
831	0.335740	169	0.816568	4.854197	831	0.335740	0.417000	0.422162	
832	0.283654	168	0.886905	4.854197	832	0.283654	0.385000	0.421984	
826	0.325666	174	0.862069	4.854197	826	0.325666	0.419000	0.421969	
824	0.317961	176	0.863636	4.854197	824	0.317961	0.414000	0.421931	
823	0.324423	177	0.762712	4.854197	823	0.324423	0.402000	0.421837	
842	0.304038	158	0.803797	4.854197	842	0.304038	0.383000	0.421654	
814	0.339066	186	0.849462	4.854197	814	0.339066	0.434000	0.421712	
825	0.349091	175	0.794286	4.854197	825	0.349091	0.427000	0.421736	
852	0.321596	148	0.783784	4.854197	852	0.321596	0.390000	0.421589	
841	0.318668	159	0.723270	4.854197	841	0.318668	0.383000	0.421410	
840	0.314286	160	0.818750	4.854197	840	0.314286	0.395000	0.421288	
824	0.330097	176	0.829545	4.854197	824	0.330097	0.418000	0.421273	
826	0.308717	174	0.827586	4.854197	826	0.308717	0.399000	0.421172	
861	0.304297	139	0.805755	4.854197	861	0.304297	0.374000	0.420957	
858	0.310023	142	0.809859	4.854197	858	0.310023	0.381000	0.420776	
853	0.334115	147	0.823129	4.854197	853	0.334115	0.406000	0.420710	
819	0.313797	181	0.795580	4.854197	819	0.313797	0.401000	0.420621	
828	0.272947	172	0.872093	4.854197	828	0.272947	0.376000	0.420422	
830	0.297590	170	0.847059	4.854197	830	0.297590	0.391000	0.420291	
830	0.318072	170	0.805882	4.854197	830	0.318072	0.401000	0.420206	
813	0.285363	187	0.818182	4.854197	813	0.285363	0.385000	0.420051	
839	0.297974	161	0.832298	4.854197	839	0.297974	0.384000	0.419893	
820	0.320732	180	0.855556	4.854197	820	0.320732	0.417000	0.419880	
816	0.300245	184	0.826087	4.854197	816	0.300245	0.397000	0.419781	
844	0.281991	156	0.833333	4.854197	844	0.281991	0.368000	0.419557	
835	0.316168	165	0.830303	4.854197	835	0.316168	0.401000	0.419477	
826	0.273608	174	0.867816	4.854197	826	0.273608	0.377000	0.419294	
839	0.313468	161	0.770186	4.854197	839	0.313468	0.387000	0.419156	
844	0.318720	156	0.782051	4.854197	844	0.318720	0.391000	0.419037	
830	0.285542	170	0.864706	4.854197	830	0.285542	0.384000	0.418888	
836	0.340909	164	0.823171	4.854197	836	0.340909	0.420000	0.418893	
837	0.292712	163	0.791411	4.854197	837	0.292712	0.374000	0.418704	
832	0.326923	168	0.815476	4.854197	832	0.326923	0.409000	0.418664	
831	0.318893	169	0.869822	4.854197	831	0.318893	0.412000	0.418636	
834	0.306954	166	0.825301	4.854197	834	0.306954	0.393000	0.418529	
824	0.320388	176	0.806818	4.854197	824	0.320388	0.406000	0.418478	
841	0.304400	159	0.836478	4.854197	841	0.304400	0.389000	0.418356	
812	0.318966	188	0.835106	4.854197	812	0.318966	0.416000	0.418347	
840	0.328571	160	0.887500	4.854197	840	0.328571	0.418000	0.418345	
840	0.328571	160	0.787500	4.854197	840	0.328571	0.402000	0.418279	
831	0.288809	169	0.875740	4.854197	831	0.288809	0.388000	0.418156	
827	0.302297	173	0.849711	4.854197	827	0.302297	0.397000	0.418071	
834	0.336930	166	0.831325	4.854197	834	0.336930	0.419000	0.418075	
829	0.342581	171	0.824561	4.854197	829	0.342581	0.425000	0.418102	
840	0.326190	160	0.793750	4.854197	840	0.326190	0.401000	0.418034	
825	0.318788	175	0.822857	4.854197	825	0.318788	0.407000	0.417990	
844	0.302133	156	0.769231	4.854197	844	0.302133	0.375000	0.417820	
830	0.307229	170	0.811765	4.854197	830	0.307229	0.393000	0.417723	
847	0.323495	153	0.777778	4.854197	847	0.323495	0.393000	0.417626	
832	0.311298	168	0.797619	4.854197	832	0.311298	0.393000	0.417530	
844	0.317536	156	0.794872	4.854197	844	0.317536	0.392000	0.417430	
824	0.320388	176	0.744318	4.854197	824	0.320388	0.395000	0.417343	
845	0.349112	155	0.800000	4.854197	845	0.349112	0.419000	0.417350	
806	0.342432	194	0.814433	4.854197	806	0.342432	0.434000	0.417414	
844	0.336493	156	0.756410	4.854197	844	0.336493	0.402000	0.417355	
835	0.314970	165	0.769697	4.854197	835	0.314970	0.390000	0.417250	
830	0.333735	170	0.870588	4.854197	830	0.333735	0.425000	0.417280	
816	0.307598	184	0.744565	4.854197	816	0.307598	0.388000	0.417169	
830	0.342169	170	0.841176	4.854197	830	0.342169	0.427000	0.417206	
839	0.307509	161	0.900621	4.854197	839	0.307509	0.403000	0.417153	
846	0.300236	154	0.766234	4.854197	846	0.300236	0.372000	0.416983	
833	0.338535	167	0.778443	4.854197	833	0.338535	0.412000	0.416965	
816	0.305147	184	0.815217	4.854197	816	0.305147	0.399000	0.416898	
843	0.322657	157	0.821656	4.854197	843	0.322657	0.401000	0.416839	
836	0.289474	164	0.737805	4.854197	836	0.289474	0.363000	0.416641	
859	0.314319	141	0.787234	4.854197	859	0.314319	0.381000	0.416509	
823	0.313487	177	0.807910	4.854197	823	0.313487	0.401000	0.416453	
839	0.331347	161	0.832298	4.854197	839	0.331347	0.412000	0.416436	
847	0.306966	153	0.816993	4.854197	847	0.306966	0.385000	0.416322	
854	0.300937	146	0.856164	4.854197	854	0.300937	0.382000	0.416198	
829	0.329312	171	0.842105	4.854197	829	0.329312	0.417000	0.416201	
825	0.329697	175	0.880000	4.854197	825	0.329697	0.426000	0.416236	
823	0.304982	177	0.785311	4.854197	823	0.304982	0.390000	0.416142	
821	0.344702	179	0.849162	4.854197	821	0.344702	0.435000	0.416209	
839	0.325387	161	0.838509	4.854197	839	0.325387	0.408000	0.416180	
839	0.311085	161	0.832298	4.854197	839	0.311085	0.395000	0.416105	
843	0.315540	157	0.815287	4.854197	843	0.315540	0.394000	0.416027	
823	0.329283	177	0.830508	4.854197	823	0.329283	0.418000	0.416034	
851	0.318449	149	0.885906	4.854197	851	0.318449	0.403000	0.415988	
840	0.326190	160	0.862500	4.854197	840	0.326190	0.412000	0.415974	
841	0.313912	159	0.823899	4.854197	841	0.313912	0.395000	0.415901	
821	0.311815	179	0.765363	4.854197	821	0.311815	0.393000	0.415821	
847	0.336482	153	0.816993	4.854197	847	0.336482	0.410000	0.415801	
819	0.332112	181	0.828729	4.854197	819	0.332112	0.422000	0.415823	
840	0.319048	160	0.762500	4.854197	840	0.319048	0.390000	0.415734	
818	0.310513	182	0.879121	4.854197	818	0.310513	0.414000	0.415728	
846	0.323877	154	0.818182	4.854197	846	0.323877	0.400000	0.415674	
828	0.310386	172	0.796512	4.854197	828	0.310386	0.394000	0.415601	
844	0.321090	156	0.807692	4.854197	844	0.321090	0.397000	0.415538	
835	0.286228	165	0.818182	4.854197	835	0.286228	0.374000	0.415397	
825	0.313939	175	0.857143	4.854197	825	0.313939	0.409000	0.415376	
838	0.336516	162	0.777778	4.854197	838	0.336516	0.408000	0.415351	
838	0.297136	162	0.753086	4.854197	838	0.297136	0.371000	0.415203	
829	0.335344	171	0.801170	4.854197	829	0.335344	0.415000	0.415202	
826	0.313559	174	0.902299	4.854197	826	0.313559	0.416000	0.415205	
842	0.311164	158	0.803797	4.854197	842	0.311164	0.389000	0.415118	
835	0.325749	165	0.727273	4.854197	835	0.325749	0.392000	0.415042	
824	0.317961	176	0.755682	4.854197	824	0.317961	0.395000	0.414976	
812	0.307882	188	0.824468	4.854197	812	0.307882	0.405000	0.414943	
850	0.334118	150	0.766667	4.854197	850	0.334118	0.399000	0.414891	
828	0.330918	172	0.813953	4.854197	828	0.330918	0.414000	0.414888	
836	0.299043	164	0.756098	4.854197	836	0.299043	0.374000	0.414755	
836	0.324163	164	0.829268	4.854197	836	0.324163	0.407000	0.414730	
826	0.317191	174	0.781609	4.854197	826	0.317191	0.398000	0.414676	
847	0.308146	153	0.856209	4.854197	847	0.308146	0.392000	0.414603	
818	0.301956	182	0.824176	4.854197	818	0.301956	0.397000	0.414547	
823	0.296476	177	0.841808	4.854197	823	0.296476	0.393000	0.414478	
827	0.315599	173	0.838150	4.854197	827	0.315599	0.406000	0.414451	
831	0.315283	169	0.786982	4.854197	831	0.315283	0.395000	0.414389	
836	0.318182	164	0.853659	4.854197	836	0.318182	0.406000	0.414363	
808	0.298267	192	0.812500	4.854197	808	0.298267	0.397000	0.414308	
811	0.324291	189	0.835979	4.854197	811	0.324291	0.421000	0.414329	
845	0.294675	155	0.832258	4.854197	845	0.294675	0.378000	0.414215	
824	0.290049	176	0.829545	4.854197	824	0.290049	0.385000	0.414124	
830	0.314458	170	0.764706	4.854197	830	0.314458	0.391000	0.414052	
823	0.285541	177	0.836158	4.854197	823	0.285541	0.383000	0.413955	
830	0.330120	170	0.864706	4.854197	830	0.330120	0.421000	0.413977	
853	0.314185	147	0.755102	4.854197	853	0.314185	0.379000	0.413869	
824	0.349515	176	0.829545	4.854197	824	0.349515	0.434000	0.413931	
839	0.324195	161	0.857143	4.854197	839	0.324195	0.410000	0.413919	
843	0.316726	157	0.828025	4.854197	843	0.316726	0.397000	0.413867	
825	0.298182	175	0.822857	4.854197	825	0.298182	0.390000	0.413794	
854	0.300937	146	0.842466	4.854197	854	0.300937	0.380000	0.413692	
825	0.303030	175	0.800000	4.854197	825	0.303030	0.390000	0.413620	
817	0.308446	183	0.792350	4.854197	817	0.308446	0.397000	0.413570	
812	0.317734	188	0.781915	4.854197	812	0.317734	0.405000	0.413544	
839	0.308701	161	0.782609	4.854197	839	0.308701	0.385000	0.413458	
824	0.339806	176	0.903409	4.854197	824	0.339806	0.439000	0.413535	
838	0.332936	162	0.858025	4.854197	838	0.332936	0.418000	0.413548	
822	0.316302	178	0.831461	4.854197	822	0.316302	0.408000	0.413532	
820	0.334146	180	0.861111	4.854197	820	0.334146	0.429000	0.413577	
843	0.326216	157	0.821656	4.854197	843	0.326216	0.404000	0.413549	
842	0.294537	158	0.829114	4.854197	842	0.294537	0.379000	0.413447	
815	0.310429	185	0.810811	4.854197	815	0.310429	0.403000	0.413416	
815	0.321472	185	0.848649	4.854197	815	0.321472	0.419000	0.413433	
823	0.323208	177	0.796610	4.854197	823	0.323208	0.407000	0.413414	
821	0.331303	179	0.843575	4.854197	821	0.331303	0.423000	0.413442	
832	0.324519	168	0.815476	4.854197	832	0.324519	0.407000	0.413423	
819	0.316239	181	0.856354	4.854197	819	0.316239	0.414000	0.413425	
850	0.301176	150	0.793333	4.854197	850	0.301176	0.375000	0.413314	
824	0.330097	176	0.801136	4.854197	824	0.330097	0.413000	0.413313	
830	0.301205	170	0.758824	4.854197	830	0.301205	0.379000	0.413214	
828	0.282609	172	0.813953	4.854197	828	0.282609	0.374000	0.413102	
839	0.326579	161	0.819876	4.854197	839	0.326579	0.406000	0.413082	
827	0.359129	173	0.826590	4.854197	827	0.359129	0.440000	0.413158	
844	0.345972	156	0.814103	4.854197	844	0.345972	0.419000	0.413175	
826	0.322034	174	0.787356	4.854197	826	0.322034	0.403000	0.413146	
844	0.328199	156	0.801282	4.854197	844	0.328199	0.402000	0.413115	
816	0.359069	184	0.847826	4.854197	816	0.359069	0.449000	0.413216	
819	0.316239	181	0.784530	4.854197	819	0.316239	0.401000	0.413181	
819	0.304029	181	0.834254	4.854197	819	0.304029	0.400000	0.413145	
845	0.300592	155	0.883871	4.854197	845	0.300592	0.391000	0.413083	
859	0.303842	141	0.794326	4.854197	859	0.303842	0.373000	0.412971	
833	0.327731	167	0.808383	4.854197	833	0.327731	0.408000	0.412957	
832	0.301683	168	0.851190	4.854197	832	0.301683	0.394000	0.412905	
841	0.315101	159	0.842767	4.854197	841	0.315101	0.399000	0.412866	
841	0.297265	159	0.779874	4.854197	841	0.297265	0.374000	0.412759	
822	0.327251	178	0.842697	4.854197	822	0.327251	0.419000	0.412776	
848	0.330189	152	0.815789	4.854197	848	0.330189	0.404000	0.412752	
828	0.311594	172	0.848837	4.854197	828	0.311594	0.404000	0.412728	
832	0.307692	168	0.815476	4.854197	832	0.307692	0.393000	0.412675	
828	0.321256	172	0.819767	4.854197	828	0.321256	0.407000	0.412659	
849	0.294464	151	0.867550	4.854197	849	0.294464	0.381000	0.412573	
830	0.301205	170	0.852941	4.854197	830	0.301205	0.395000	0.412526	
807	0.324659	193	0.818653	4.854197	807	0.324659	0.420000	0.412546	
840	0.336905	160	0.837500	4.854197	840	0.336905	0.417000	0.412558	
827	0.293833	173	0.791908	4.854197	827	0.293833	0.380000	0.412471	
842	0.324228	158	0.810127	4.854197	842	0.324228	0.401000	0.412440	
826	0.331719	174	0.827586	4.854197	826	0.331719	0.418000	0.412455	
825	0.343030	175	0.794286	4.854197	825	0.343030	0.422000	0.412480	
842	0.302850	158	0.829114	4.854197	842	0.302850	0.386000	0.412410	
843	0.277580	157	0.815287	4.854197	843	0.277580	0.362000	0.412277	
843	0.319098	157	0.815287	4.854197	843	0.319098	0.397000	0.412236	
846	0.299054	154	0.870130	4.854197	846	0.299054	0.387000	0.412170	
817	0.296206	183	0.814208	4.854197	817	0.296206	0.391000	0.412114	
837	0.289128	163	0.822086	4.854197	837	0.289128	0.376000	0.412020	
836	0.321770	164	0.817073	4.854197	836	0.321770	0.403000	0.411996	
827	0.318017	173	0.867052	4.854197	827	0.318017	0.413000	0.411999	
828	0.318841	172	0.808140	4.854197	828	0.318841	0.403000	0.411976	
843	0.328588	157	0.770701	4.854197	843	0.328588	0.398000	0.411939	
837	0.335723	163	0.822086	4.854197	837	0.335723	0.415000	0.411947	
839	0.297974	161	0.708075	4.854197	839	0.297974	0.364000	0.411824	
821	0.278928	179	0.871508	4.854197	821	0.278928	0.385000	0.411755	
840	0.329762	160	0.831250	4.854197	840	0.329762	0.410000	0.411750	
824	0.320388	176	0.795455	4.854197	824	0.320388	0.404000	0.411730	
831	0.302046	169	0.875740	4.854197	831	0.302046	0.399000	0.411698	
846	0.316785	154	0.850649	4.854197	846	0.316785	0.399000	0.411666	
833	0.312125	167	0.838323	4.854197	833	0.312125	0.400000	0.411636	
822	0.306569	178	0.837079	4.854197	822	0.306569	0.401000	0.411609	
841	0.318668	159	0.817610	4.854197	841	0.318668	0.398000	0.411575	
819	0.284493	181	0.845304	4.854197	819	0.284493	0.386000	0.411510	
840	0.313095	160	0.806250	4.854197	840	0.313095	0.392000	0.411461	
837	0.332139	163	0.791411	4.854197	837	0.332139	0.407000	0.411450	
822	0.299270	178	0.825843	4.854197	822	0.299270	0.393000	0.411404	
828	0.321256	172	0.837209	4.854197	828	0.321256	0.410000	0.411400	
834	0.302158	166	0.855422	4.854197	834	0.302158	0.394000	0.411357	
818	0.301956	182	0.835165	4.854197	818	0.301956	0.399000	0.411327	
843	0.338078	157	0.808917	4.854197	843	0.338078	0.412000	0.411328	
845	0.321893	155	0.870968	4.854197	845	0.321893	0.407000	0.411318	
838	0.307876	162	0.827160	4.854197	838	0.307876	0.392000	0.411270	
842	0.307601	158	0.848101	4.854197	842	0.307601	0.393000	0.411225	
855	0.321637	145	0.744828	4.854197	855	0.321637	0.383000	0.411156	
841	0.318668	159	0.798742	4.854197	841	0.318668	0.395000	0.411116	
836	0.324163	164	0.829268	4.854197	836	0.324163	0.407000	0.411106	
850	0.305882	150	0.780000	4.854197	850	0.305882	0.377000	0.411023	
832	0.325721	168	0.797619	4.854197	832	0.325721	0.405000	0.411009	
846	0.299054	154	0.733766	4.854197	846	0.299054	0.366000	0.410900	
807	0.339529	193	0.844560	4.854197	807	0.339529	0.437000	0.410963	
849	0.305065	151	0.801325	4.854197	849	0.305065	0.380000	0.410888	
833	0.297719	167	0.784431	4.854197	833	0.297719	0.379000	0.410812	
836	0.285885	164	0.829268	4.854197	836	0.285885	0.375000	0.410726	
821	0.331303	179	0.787709	4.854197	821	0.331303	0.413000	0.410731	
843	0.298932	157	0.853503	4.854197	843	0.298932	0.386000	0.410672	
862	0.292343	138	0.826087	4.854197	862	0.292343	0.366000	0.410566	
843	0.276394	157	0.796178	4.854197	843	0.276394	0.358000	0.410441	
834	0.302158	166	0.783133	4.854197	834	0.302158	0.382000	0.410373	
839	0.321812	161	0.813665	4.854197	839	0.321812	0.401000	0.410351	
849	0.303887	151	0.774834	4.854197	849	0.303887	0.375000	0.410268	
821	0.323995	179	0.798883	4.854197	821	0.323995	0.409000	0.410265	
844	0.323460	156	0.788462	4.854197	844	0.323460	0.396000	0.410231	
849	0.318021	151	0.794702	4.854197	849	0.318021	0.390000	0.410184	
832	0.293269	168	0.863095	4.854197	832	0.293269	0.389000	0.410135	
831	0.320096	169	0.804734	4.854197	831	0.320096	0.402000	0.410116	
803	0.330012	197	0.837563	4.854197	803	0.330012	0.430000	0.410162	
805	0.305590	195	0.810256	4.854197	805	0.305590	0.404000	0.410148	
834	0.291367	166	0.819277	4.854197	834	0.291367	0.379000	0.410075	
842	0.307601	158	0.822785	4.854197	842	0.307601	0.389000	0.410027	
841	0.305589	159	0.710692	4.854197	841	0.305589	0.370000	0.409935	
823	0.295261	177	0.796610	4.854197	823	0.295261	0.384000	0.409875	
835	0.312575	165	0.830303	4.854197	835	0.312575	0.398000	0.409848	
839	0.292014	161	0.819876	4.854197	839	0.292014	0.377000	0.409773	
829	0.299156	171	0.795322	4.854197	829	0.299156	0.384000	0.409714	
829	0.294331	171	0.824561	4.854197	829	0.294331	0.385000	0.409657	
831	0.294826	169	0.810651	4.854197	831	0.294826	0.382000	0.409595	
829	0.330519	171	0.807018	4.854197	829	0.330519	0.412000	0.409600	
821	0.303289	179	0.798883	4.854197	821	0.303289	0.392000	0.409560	
837	0.309438	163	0.828221	4.854197	837	0.309438	0.394000	0.409525	
836	0.313397	164	0.829268	4.854197	836	0.313397	0.398000	0.409499	
820	0.309756	180	0.827778	4.854197	820	0.309756	0.403000	0.409484	
838	0.311456	162	0.796296	4.854197	838	0.311456	0.390000	0.409441	
838	0.310263	162	0.851852	4.854197	838	0.310263	0.398000	0.409415	
866	0.336028	134	0.820896	4.854197	866	0.336028	0.401000	0.409396	
856	0.302570	144	0.812500	4.854197	856	0.302570	0.376000	0.409322	
839	0.303933	161	0.819876	4.854197	839	0.303933	0.387000	0.409272	
828	0.339372	172	0.784884	4.854197	828	0.339372	0.416000	0.409287	
816	0.360294	184	0.793478	4.854197	816	0.360294	0.440000	0.409355	
844	0.345972	156	0.826923	4.854197	844	0.345972	0.421000	0.409381	
850	0.285882	150	0.860000	4.854197	850	0.285882	0.372000	0.409299	
833	0.278511	167	0.838323	4.854197	833	0.278511	0.372000	0.409217	
814	0.328010	186	0.795699	4.854197	814	0.328010	0.415000	0.409229	
843	0.317912	157	0.840764	4.854197	843	0.317912	0.400000	0.409209	
851	0.314924	149	0.818792	4.854197	851	0.314924	0.390000	0.409167	
841	0.366231	159	0.817610	4.854197	841	0.366231	0.438000	0.409230	
816	0.306373	184	0.831522	4.854197	816	0.306373	0.403000	0.409217	
835	0.285030	165	0.866667	4.854197	835	0.285030	0.381000	0.409155	
818	0.330073	182	0.818681	4.854197	818	0.330073	0.419000	0.409177	
827	0.310762	173	0.774566	4.854197	827	0.310762	0.391000	0.409137	
836	0.338517	164	0.829268	4.854197	836	0.338517	0.419000	0.409159	
833	0.325330	167	0.838323	4.854197	833	0.325330	0.411000	0.409163	
835	0.342515	165	0.709091	4.854197	835	0.342515	0.403000	0.409149	
837	0.310633	163	0.828221	4.854197	837	0.310633	0.395000	0.409119	
829	0.322075	171	0.766082	4.854197	829	0.322075	0.398000	0.409095	
828	0.309179	172	0.819767	4.854197	828	0.309179	0.397000	0.409069	
842	0.294537	158	0.841772	4.854197	842	0.294537	0.381000	0.409010	
835	0.331737	165	0.806061	4.854197	835	0.331737	0.410000	0.409012	
825	0.334545	175	0.817143	4.854197	825	0.334545	0.419000	0.409033	
819	0.305250	181	0.773481	4.854197	819	0.305250	0.390000	0.408993	
817	0.309670	183	0.830601	4.854197	817	0.309670	0.405000	0.408984	
818	0.283619	182	0.796703	4.854197	818	0.283619	0.377000	0.408917	
845	0.298225	155	0.806452	4.854197	845	0.298225	0.377000	0.408850	
814	0.329238	186	0.817204	4.854197	814	0.329238	0.420000	0.408873	
814	0.305897	186	0.768817	4.854197	814	0.305897	0.392000	0.408838	
827	0.307134	173	0.815029	4.854197	827	0.307134	0.395000	0.408809	
837	0.295102	163	0.895706	4.854197	837	0.295102	0.393000	0.408776	
820	0.285366	180	0.844444	4.854197	820	0.285366	0.386000	0.408729	
834	0.309353	166	0.855422	4.854197	834	0.309353	0.400000	0.408711	
831	0.293622	169	0.781065	4.854197	831	0.293622	0.376000	0.408643	
824	0.288835	176	0.835227	4.854197	824	0.288835	0.385000	0.408594	
853	0.323564	147	0.755102	4.854197	853	0.323564	0.387000	0.408550	
835	0.329341	165	0.812121	4.854197	835	0.329341	0.409000	0.408551	
828	0.342995	172	0.802326	4.854197	828	0.342995	0.422000	0.408578	
830	0.319277	170	0.764706	4.854197	830	0.319277	0.395000	0.408550	
847	0.286895	153	0.843137	4.854197	847	0.286895	0.372000	0.408476	
851	0.329025	149	0.845638	4.854197	851	0.329025	0.406000	0.408471	
842	0.330166	158	0.829114	4.854197	842	0.330166	0.409000	0.408472	
830	0.284337	170	0.841176	4.854197	830	0.284337	0.379000	0.408412	
811	0.321825	189	0.841270	4.854197	811	0.321825	0.420000	0.408435	
836	0.342105	164	0.829268	4.854197	836	0.342105	0.422000	0.408463	
824	0.299757	176	0.857955	4.854197	824	0.299757	0.398000	0.408442	
819	0.347985	181	0.773481	4.854197	819	0.347985	0.425000	0.408475	
836	0.288278	164	0.798780	4.854197	836	0.288278	0.372000	0.408402	
858	0.326340	142	0.739437	4.854197	858	0.326340	0.385000	0.408355	
843	0.325030	157	0.815287	4.854197	843	0.325030	0.402000	0.408342	
853	0.341149	147	0.843537	4.854197	853	0.341149	0.415000	0.408355	
837	0.321386	163	0.785276	4.854197	837	0.321386	0.397000	0.408333	
852	0.279343	148	0.790541	4.854197	852	0.279343	0.355000	0.408226	
801	0.332085	199	0.809045	4.854197	801	0.332085	0.427000	0.408264	
808	0.339109	192	0.822917	4.854197	808	0.339109	0.432000	0.408311	
811	0.320592	189	0.825397	4.854197	811	0.320592	0.416000	0.408326	
828	0.309179	172	0.761628	4.854197	828	0.309179	0.387000	0.408284	
825	0.321212	175	0.794286	4.854197	825	0.321212	0.404000	0.408275	
812	0.316502	188	0.797872	4.854197	812	0.316502	0.407000	0.408273	
827	0.331318	173	0.780347	4.854197	827	0.331318	0.409000	0.408274	
840	0.284524	160	0.825000	4.854197	840	0.284524	0.371000	0.408201	
835	0.324551	165	0.860606	4.854197	835	0.324551	0.413000	0.408211	
840	0.329762	160	0.787500	4.854197	840	0.329762	0.403000	0.408200	
814	0.302211	186	0.763441	4.854197	814	0.302211	0.388000	0.408161	
829	0.300362	171	0.807018	4.854197	829	0.300362	0.387000	0.408120	
838	0.329356	162	0.827160	4.854197	838	0.329356	0.410000	0.408123	
835	0.336527	165	0.812121	4.854197	835	0.336527	0.415000	0.408137	
823	0.319563	177	0.819209	4.854197	823	0.319563	0.408000	0.408137	
827	0.334946	173	0.815029	4.854197	827	0.334946	0.418000	0.408156	
832	0.342548	168	0.821429	4.854197	832	0.342548	0.423000	0.408184	
824	0.338592	176	0.812500	4.854197	824	0.338592	0.422000	0.408211	
832	0.287260	168	0.880952	4.854197	832	0.287260	0.387000	0.408170	
816	0.314951	184	0.836957	4.854197	816	0.314951	0.411000	0.408175	
821	0.293544	179	0.865922	4.854197	821	0.293544	0.396000	0.408152	
843	0.322657	157	0.853503	4.854197	843	0.322657	0.406000	0.408148	
825	0.339394	175	0.811429	4.854197	825	0.339394	0.422000	0.408174	
825	0.278788	175	0.845714	4.854197	825	0.278788	0.378000	0.408117	
811	0.316893	189	0.878307	4.854197	811	0.316893	0.423000	0.408145	
822	0.317518	178	0.780899	4.854197	822	0.317518	0.400000	0.408130	
852	0.316901	148	0.770270	4.854197	852	0.316901	0.384000	0.408084	
846	0.304965	154	0.876623	4.854197	846	0.304965	0.393000	0.408056	
832	0.328125	168	0.785714	4.854197	832	0.328125	0.405000	0.408050	
813	0.357934	187	0.786096	4.854197	813	0.357934	0.438000	0.408106	
842	0.302850	158	0.892405	4.854197	842	0.302850	0.396000	0.408084	
821	0.269184	179	0.821229	4.854197	821	0.269184	0.368000	0.408009	
830	0.314458	170	0.794118	4.854197	830	0.314458	0.396000	0.407986	
829	0.302774	171	0.771930	4.854197	829	0.302774	0.383000	0.407940	
808	0.303218	192	0.838542	4.854197	808	0.303218	0.406000	0.407936	
850	0.315294	150	0.866667	4.854197	850	0.315294	0.398000	0.407917	
828	0.327295	172	0.860465	4.854197	828	0.327295	0.419000	0.407938	
816	0.329657	184	0.836957	4.854197	816	0.329657	0.423000	0.407966	
830	0.334940	170	0.823529	4.854197	830	0.334940	0.418000	0.407984	
830	0.304819	170	0.811765	4.854197	830	0.304819	0.391000	0.407953	
836	0.311005	164	0.810976	4.854197	836	0.311005	0.393000	0.407926	
833	0.322929	167	0.754491	4.854197	833	0.322929	0.395000	0.407902	
827	0.319226	173	0.815029	4.854197	827	0.319226	0.405000	0.407896	
819	0.388278	181	0.839779	4.854197	819	0.388278	0.470000	0.408010	
839	0.333731	161	0.844720	4.854197	839	0.333731	0.416000	0.408025	
848	0.320755	152	0.888158	4.854197	848	0.320755	0.407000	0.408023	
855	0.314620	145	0.793103	4.854197	855	0.314620	0.384000	0.407979	
846	0.281324	154	0.818182	4.854197	846	0.281324	0.364000	0.407899	
843	0.314353	157	0.796178	4.854197	843	0.314353	0.390000	0.407867	
823	0.303767	177	0.864407	4.854197	823	0.303767	0.403000	0.407858	
833	0.309724	167	0.820359	4.854197	833	0.309724	0.395000	0.407835	
856	0.310748	144	0.847222	4.854197	856	0.310748	0.388000	0.407799	
836	0.331340	164	0.707317	4.854197	836	0.331340	0.393000	0.407772	
816	0.316176	184	0.836957	4.854197	816	0.316176	0.412000	0.407780	
837	0.310633	163	0.858896	4.854197	837	0.310633	0.400000	0.407766	
838	0.291169	162	0.827160	4.854197	838	0.291169	0.378000	0.407713	
828	0.303140	172	0.796512	4.854197	828	0.303140	0.388000	0.407677	
821	0.304507	179	0.787709	4.854197	821	0.304507	0.391000	0.407647	
848	0.314858	152	0.815789	4.854197	848	0.314858	0.391000	0.407618	
843	0.322657	157	0.840764	4.854197	843	0.322657	0.404000	0.407611	
845	0.314793	155	0.774194	4.854197	845	0.314793	0.386000	0.407573	
851	0.333725	149	0.765101	4.854197	851	0.333725	0.398000	0.407556	
845	0.287574	155	0.851613	4.854197	845	0.287574	0.375000	0.407498	
823	0.320778	177	0.819209	4.854197	823	0.320778	0.409000	0.407501	
826	0.338983	174	0.735632	4.854197	826	0.338983	0.408000	0.407502	
829	0.338963	171	0.760234	4.854197	829	0.338963	0.411000	0.407508	
839	0.284863	161	0.795031	4.854197	839	0.284863	0.367000	0.407437	
812	0.338670	188	0.851064	4.854197	812	0.338670	0.435000	0.407485	
835	0.297006	165	0.793939	4.854197	835	0.297006	0.379000	0.407435	
834	0.298561	166	0.831325	4.854197	834	0.298561	0.387000	0.407400	
839	0.313468	161	0.770186	4.854197	839	0.313468	0.387000	0.407364	
818	0.271394	182	0.862637	4.854197	818	0.271394	0.379000	0.407315	
842	0.315914	158	0.803797	4.854197	842	0.315914	0.393000	0.407290	
831	0.329723	169	0.857988	4.854197	831	0.329723	0.419000	0.407310	
820	0.289024	180	0.794444	4.854197	820	0.289024	0.380000	0.407263	
826	0.303874	174	0.827586	4.854197	826	0.303874	0.395000	0.407242	
828	0.336957	172	0.773256	4.854197	828	0.336957	0.412000	0.407250	
849	0.310954	151	0.887417	4.854197	849	0.310954	0.398000	0.407234	
844	0.315166	156	0.820513	4.854197	844	0.315166	0.394000	0.407211	
819	0.317460	181	0.817680	4.854197	819	0.317460	0.408000	0.407212	
832	0.306490	168	0.857143	4.854197	832	0.306490	0.399000	0.407198	
825	0.305455	175	0.834286	4.854197	825	0.305455	0.398000	0.407183	
837	0.313023	163	0.846626	4.854197	837	0.313023	0.400000	0.407170	
840	0.315476	160	0.775000	4.854197	840	0.315476	0.389000	0.407139	
816	0.289216	184	0.847826	4.854197	816	0.289216	0.392000	0.407113	
852	0.333333	148	0.810811	4.854197	852	0.333333	0.404000	0.407108	
838	0.294749	162	0.839506	4.854197	838	0.294749	0.383000	0.407067	
846	0.317967	154	0.837662	4.854197	846	0.317967	0.398000	0.407052	
851	0.304348	149	0.892617	4.854197	851	0.304348	0.392000	0.407026	
836	0.307416	164	0.823171	4.854197	836	0.307416	0.392000	0.407001	
843	0.294187	157	0.764331	4.854197	843	0.294187	0.368000	0.406935	
836	0.311005	164	0.835366	4.854197	836	0.311005	0.397000	0.406919	
832	0.310096	168	0.785714	4.854197	832	0.310096	0.390000	0.406890	
823	0.319563	177	0.807910	4.854197	823	0.319563	0.406000	0.406889	
826	0.299031	174	0.839080	4.854197	826	0.299031	0.393000	0.406865	
813	0.292743	187	0.812834	4.854197	813	0.292743	0.390000	0.406837	
835	0.305389	165	0.800000	4.854197	835	0.305389	0.387000	0.406804	
836	0.333732	164	0.798780	4.854197	836	0.333732	0.410000	0.406809	
828	0.299517	172	0.848837	4.854197	828	0.299517	0.394000	0.406788	
845	0.315976	155	0.877419	4.854197	845	0.315976	0.403000	0.406782	
836	0.308612	164	0.829268	4.854197	836	0.308612	0.394000	0.406761	
845	0.324260	155	0.851613	4.854197	845	0.324260	0.406000	0.406759	
835	0.294611	165	0.866667	4.854197	835	0.294611	0.389000	0.406730	
820	0.326829	180	0.850000	4.854197	820	0.326829	0.421000	0.406753	
831	0.302046	169	0.840237	4.854197	831	0.302046	0.393000	0.406731	
832	0.336538	168	0.732143	4.854197	832	0.336538	0.403000	0.406725	
842	0.304038	158	0.784810	4.854197	842	0.304038	0.380000	0.406681	
840	0.308333	160	0.812500	4.854197	840	0.308333	0.389000	0.406652	
857	0.311552	143	0.818182	4.854197	857	0.311552	0.384000	0.406615	
847	0.319953	153	0.732026	4.854197	847	0.319953	0.383000	0.406576	
831	0.333333	169	0.852071	4.854197	831	0.333333	0.421000	0.406600	
827	0.319226	173	0.786127	4.854197	827	0.319226	0.400000	0.406589	
845	0.312426	155	0.832258	4.854197	845	0.312426	0.393000	0.406567	
833	0.271309	167	0.808383	4.854197	833	0.271309	0.361000	0.406493	
843	0.333333	157	0.834395	4.854197	843	0.333333	0.412000	0.406502	
824	0.302184	176	0.801136	4.854197	824	0.302184	0.390000	0.406475	
830	0.316867	170	0.788235	4.854197	830	0.316867	0.397000	0.406460	
856	0.335280	144	0.868056	4.854197	856	0.335280	0.412000	0.406469	
849	0.323910	151	0.807947	4.854197	849	0.323910	0.397000	0.406453	
837	0.283154	163	0.871166	4.854197	837	0.283154	0.379000	0.406409	
833	0.313325	167	0.832335	4.854197	833	0.313325	0.400000	0.406399	
833	0.331333	167	0.868263	4.854197	833	0.331333	0.421000	0.406422	
811	0.309494	189	0.851852	4.854197	811	0.309494	0.412000	0.406431	
809	0.307787	191	0.848168	4.854197	809	0.307787	0.411000	0.406439	
835	0.326946	165	0.812121	4.854197	835	0.326946	0.407000	0.406440	
841	0.326992	159	0.792453	4.854197	841	0.326992	0.401000	0.406431	
845	0.327811	155	0.825806	4.854197	845	0.327811	0.405000	0.406429	
821	0.333739	179	0.849162	4.854197	821	0.333739	0.426000	0.406460	
821	0.304507	179	0.782123	4.854197	821	0.304507	0.390000	0.406434	
830	0.333735	170	0.741176	4.854197	830	0.333735	0.403000	0.406428	
852	0.321596	148	0.878378	4.854197	852	0.321596	0.404000	0.406424	
840	0.317857	160	0.825000	4.854197	840	0.317857	0.399000	0.406413	
856	0.289720	144	0.784722	4.854197	856	0.289720	0.361000	0.406341	
840	0.332143	160	0.787500	4.854197	840	0.332143	0.405000	0.406339	
809	0.343634	191	0.821990	4.854197	809	0.343634	0.435000	0.406384	
824	0.310680	176	0.772727	4.854197	824	0.310680	0.392000	0.406361	
830	0.296386	170	0.841176	4.854197	830	0.296386	0.389000	0.406334	
838	0.331742	162	0.746914	4.854197	838	0.331742	0.399000	0.406323	
845	0.339645	155	0.858065	4.854197	845	0.339645	0.420000	0.406344	
849	0.318021	151	0.774834	4.854197	849	0.318021	0.387000	0.406314	
823	0.318348	177	0.762712	4.854197	823	0.318348	0.397000	0.406300	
818	0.311736	182	0.818681	4.854197	818	0.311736	0.404000	0.406296	
834	0.286571	166	0.819277	4.854197	834	0.286571	0.375000	0.406247	
831	0.327316	169	0.804734	4.854197	831	0.327316	0.408000	0.406250	
841	0.290131	159	0.836478	4.854197	841	0.290131	0.377000	0.406205	
837	0.340502	163	0.858896	4.854197	837	0.340502	0.425000	0.406234	
836	0.313397	164	0.829268	4.854197	836	0.313397	0.398000	0.406221	
835	0.297006	165	0.830303	4.854197	835	0.297006	0.385000	0.406189	
830	0.328916	170	0.829412	4.854197	830	0.328916	0.414000	0.406201	
834	0.332134	166	0.831325	4.854197	834	0.332134	0.415000	0.406214	
846	0.269504	154	0.844156	4.854197	846	0.269504	0.358000	0.406140	
849	0.341578	151	0.874172	4.854197	849	0.341578	0.422000	0.406165	
851	0.296122	149	0.832215	4.854197	851	0.296122	0.376000	0.406118	
826	0.291768	174	0.793103	4.854197	826	0.291768	0.379000	0.406077	
824	0.288835	176	0.778409	4.854197	824	0.288835	0.375000	0.406030	
822	0.313869	178	0.831461	4.854197	822	0.313869	0.406000	0.406030	
822	0.327251	178	0.775281	4.854197	822	0.327251	0.407000	0.406031	
830	0.330120	170	0.835294	4.854197	830	0.330120	0.416000	0.406046	
842	0.321853	158	0.772152	4.854197	842	0.321853	0.393000	0.406027	
824	0.304612	176	0.801136	4.854197	824	0.304612	0.392000	0.406005	
837	0.330944	163	0.785276	4.854197	837	0.330944	0.405000	0.406004	
839	0.325387	161	0.838509	4.854197	839	0.325387	0.408000	0.406007	
855	0.302924	145	0.834483	4.854197	855	0.302924	0.380000	0.405968	
848	0.295991	152	0.888158	4.854197	848	0.295991	0.386000	0.405938	
830	0.346988	170	0.864706	4.854197	830	0.346988	0.435000	0.405981	
843	0.316726	157	0.764331	4.854197	843	0.316726	0.387000	0.405953	
848	0.293632	152	0.769737	4.854197	848	0.293632	0.366000	0.405893	
835	0.332934	165	0.763636	4.854197	835	0.332934	0.404000	0.405890	
840	0.261905	160	0.818750	4.854197	840	0.261905	0.351000	0.405809	
864	0.362269	136	0.845588	4.854197	864	0.362269	0.428000	0.405842	
847	0.331759	153	0.777778	4.854197	847	0.331759	0.400000	0.405833	
820	0.306098	180	0.822222	4.854197	820	0.306098	0.399000	0.405823	
813	0.293973	187	0.748663	4.854197	813	0.293973	0.379000	0.405783	
846	0.323877	154	0.766234	4.854197	846	0.323877	0.392000	0.405763	
836	0.299043	164	0.810976	4.854197	836	0.299043	0.383000	0.405729	
829	0.331725	171	0.836257	4.854197	829	0.331725	0.418000	0.405747	
820	0.301220	180	0.833333	4.854197	820	0.301220	0.397000	0.405734	
846	0.340426	154	0.805195	4.854197	846	0.340426	0.412000	0.405744	
839	0.288439	161	0.807453	4.854197	839	0.288439	0.372000	0.405694	
852	0.313380	148	0.817568	4.854197	852	0.313380	0.388000	0.405668	
818	0.315403	182	0.769231	4.854197	818	0.315403	0.398000	0.405657	
839	0.317044	161	0.863354	4.854197	839	0.317044	0.405000	0.405656	
844	0.313981	156	0.884615	4.854197	844	0.313981	0.403000	0.405652	
847	0.315230	153	0.823529	4.854197	847	0.315230	0.393000	0.405634	
841	0.292509	159	0.823899	4.854197	841	0.292509	0.377000	0.405592	
845	0.323077	155	0.800000	4.854197	845	0.323077	0.397000	0.405579	
842	0.321853	158	0.778481	4.854197	842	0.321853	0.394000	0.405563	
837	0.348865	163	0.914110	4.854197	837	0.348865	0.441000	0.405614	
850	0.308235	150	0.846667	4.854197	850	0.308235	0.389000	0.405590	
835	0.322156	165	0.842424	4.854197	835	0.322156	0.408000	0.405593	
810	0.288889	190	0.847368	4.854197	810	0.288889	0.395000	0.405578	
829	0.312425	171	0.883041	4.854197	829	0.312425	0.410000	0.405584	
820	0.306098	180	0.822222	4.854197	820	0.306098	0.399000	0.405575	
842	0.337292	158	0.740506	4.854197	842	0.337292	0.401000	0.405568	
838	0.307876	162	0.765432	4.854197	838	0.307876	0.382000	0.405535	
829	0.297949	171	0.812865	4.854197	829	0.297949	0.386000	0.405507	
833	0.315726	167	0.814371	4.854197	833	0.315726	0.399000	0.405497	
834	0.316547	166	0.861446	4.854197	834	0.316547	0.407000	0.405499	
829	0.316043	171	0.859649	4.854197	829	0.316043	0.409000	0.405504	
825	0.303030	175	0.880000	4.854197	825	0.303030	0.404000	0.405502	
828	0.340580	172	0.843023	4.854197	828	0.340580	0.427000	0.405533	
849	0.328622	151	0.794702	4.854197	849	0.328622	0.399000	0.405524	
843	0.327402	157	0.891720	4.854197	843	0.327402	0.416000	0.405538	
832	0.329327	168	0.875000	4.854197	832	0.329327	0.421000	0.405560	
829	0.324487	171	0.847953	4.854197	829	0.324487	0.414000	0.405572	
851	0.319624	149	0.738255	4.854197	851	0.319624	0.382000	0.405539	
846	0.320331	154	0.766234	4.854197	846	0.320331	0.389000	0.405516	
842	0.346793	158	0.810127	4.854197	842	0.346793	0.420000	0.405536	
843	0.290629	157	0.789809	4.854197	843	0.290629	0.369000	0.405485	
828	0.311594	172	0.773256	4.854197	828	0.311594	0.391000	0.405464	
837	0.299881	163	0.840491	4.854197	837	0.299881	0.388000	0.405440	
854	0.345433	146	0.821918	4.854197	854	0.345433	0.415000	0.405453	
832	0.302885	168	0.827381	4.854197	832	0.302885	0.391000	0.405433	
816	0.287990	184	0.847826	4.854197	816	0.287990	0.391000	0.405413	
816	0.311275	184	0.831522	4.854197	816	0.311275	0.407000	0.405415	
824	0.286408	176	0.812500	4.854197	824	0.286408	0.379000	0.405378	
842	0.333729	158	0.778481	4.854197	842	0.333729	0.404000	0.405376	
836	0.321770	164	0.817073	4.854197	836	0.321770	0.403000	0.405373	
838	0.322196	162	0.851852	4.854197	838	0.322196	0.408000	0.405377	
845	0.320710	155	0.877419	4.854197	845	0.320710	0.407000	0.405379	
833	0.332533	167	0.808383	4.854197	833	0.332533	0.412000	0.405388	
834	0.308153	166	0.837349	4.854197	834	0.308153	0.396000	0.405375	
805	0.329193	195	0.779487	4.854197	805	0.329193	0.417000	0.405391	
829	0.303981	171	0.789474	4.854197	829	0.303981	0.387000	0.405366	
828	0.312802	172	0.819767	4.854197	828	0.312802	0.400000	0.405358	
823	0.307412	177	0.830508	4.854197	823	0.307412	0.400000	0.405351	
837	0.339307	163	0.791411	4.854197	837	0.339307	0.413000	0.405362	
842	0.308789	158	0.822785	4.854197	842	0.308789	0.390000	0.405341	
837	0.289128	163	0.797546	4.854197	837	0.289128	0.372000	0.405295	
832	0.312500	168	0.851190	4.854197	832	0.312500	0.403000	0.405292	
841	0.302021	159	0.849057	4.854197	841	0.302021	0.389000	0.405270	
837	0.293907	163	0.815951	4.854197	837	0.293907	0.379000	0.405234	
821	0.348356	179	0.849162	4.854197	821	0.348356	0.438000	0.405278	
836	0.308612	164	0.810976	4.854197	836	0.308612	0.391000	0.405259	
845	0.337278	155	0.774194	4.854197	845	0.337278	0.405000	0.405259	
840	0.302381	160	0.806250	4.854197	840	0.302381	0.383000	0.405228	
823	0.328068	177	0.853107	4.854197	823	0.328068	0.421000	0.405250	
833	0.306122	167	0.778443	4.854197	833	0.306122	0.385000	0.405222	
843	0.294187	157	0.878981	4.854197	843	0.294187	0.386000	0.405196	
853	0.302462	147	0.829932	4.854197	853	0.302462	0.380000	0.405163	
864	0.339120	136	0.808824	4.854197	864	0.339120	0.403000	0.405160	
828	0.307971	172	0.837209	4.854197	828	0.307971	0.399000	0.405151	
841	0.303210	159	0.874214	4.854197	841	0.303210	0.394000	0.405136	
827	0.326481	173	0.791908	4.854197	827	0.326481	0.407000	0.405139	
850	0.323529	150	0.820000	4.854197	850	0.323529	0.398000	0.405129	
831	0.323706	169	0.745562	4.854197	831	0.323706	0.395000	0.405116	
833	0.286915	167	0.772455	4.854197	833	0.286915	0.368000	0.405066	
833	0.308523	167	0.790419	4.854197	833	0.308523	0.389000	0.405045	
833	0.318127	167	0.850299	4.854197	833	0.318127	0.407000	0.405047	
845	0.326627	155	0.858065	4.854197	845	0.326627	0.409000	0.405053	
800	0.338750	200	0.850000	4.854197	800	0.338750	0.441000	0.405100	
831	0.326113	169	0.846154	4.854197	831	0.326113	0.414000	0.405112	
834	0.330935	166	0.789157	4.854197	834	0.330935	0.407000	0.405115	
835	0.328144	165	0.836364	4.854197	835	0.328144	0.412000	0.405124	
846	0.351064	154	0.824675	4.854197	846	0.351064	0.424000	0.405149	
840	0.307143	160	0.787500	4.854197	840	0.307143	0.384000	0.405121	
837	0.332139	163	0.815951	4.854197	837	0.332139	0.411000	0.405129	
842	0.296912	158	0.816456	4.854197	842	0.296912	0.379000	0.405094	
842	0.304038	158	0.810127	4.854197	842	0.304038	0.384000	0.405066	
858	0.300699	142	0.795775	4.854197	858	0.300699	0.371000	0.405022	
832	0.301683	168	0.803571	4.854197	832	0.301683	0.386000	0.404997	
823	0.334143	177	0.875706	4.854197	823	0.334143	0.430000	0.405030	
836	0.307416	164	0.768293	4.854197	836	0.307416	0.383000	0.405001	
813	0.291513	187	0.780749	4.854197	813	0.291513	0.383000	0.404972	
829	0.332931	171	0.812865	4.854197	829	0.332931	0.415000	0.404985	
845	0.306509	155	0.870968	4.854197	845	0.306509	0.394000	0.404971	
849	0.333333	151	0.814570	4.854197	849	0.333333	0.406000	0.404972	
839	0.328963	161	0.838509	4.854197	839	0.328963	0.411000	0.404980	
819	0.324786	181	0.817680	4.854197	819	0.324786	0.414000	0.404992	
798	0.332080	202	0.801980	4.854197	798	0.332080	0.427000	0.405020	
852	0.309859	148	0.851351	4.854197	852	0.309859	0.390000	0.405001	
828	0.278986	172	0.854651	4.854197	828	0.278986	0.378000	0.404966	
834	0.334532	166	0.819277	4.854197	834	0.334532	0.415000	0.404979	
822	0.334550	178	0.859551	4.854197	822	0.334550	0.428000	0.405008	
813	0.332103	187	0.834225	4.854197	813	0.332103	0.426000	0.405036	
842	0.314727	158	0.810127	4.854197	842	0.314727	0.393000	0.405020	
846	0.332151	154	0.753247	4.854197	846	0.332151	0.397000	0.405010	
839	0.312277	161	0.826087	4.854197	839	0.312277	0.395000	0.404997	
836	0.315789	164	0.829268	4.854197	836	0.315789	0.400000	0.404991	
843	0.306050	157	0.847134	4.854197	843	0.306050	0.391000	0.404973	
826	0.336562	174	0.839080	4.854197	826	0.336562	0.424000	0.404997	
842	0.323040	158	0.797468	4.854197	842	0.323040	0.398000	0.404988	
827	0.263603	173	0.716763	4.854197	827	0.263603	0.342000	0.404908	
822	0.317518	178	0.808989	4.854197	822	0.317518	0.405000	0.404908	
841	0.310345	159	0.798742	4.854197	841	0.310345	0.388000	0.404886	
823	0.304982	177	0.802260	4.854197	823	0.304982	0.393000	0.404871	
846	0.313239	154	0.811688	4.854197	846	0.313239	0.390000	0.404852	
837	0.317802	163	0.858896	4.854197	837	0.317802	0.406000	0.404854	
830	0.297590	170	0.858824	4.854197	830	0.297590	0.393000	0.404839	
811	0.330456	189	0.767196	4.854197	811	0.330456	0.413000	0.404849	
821	0.286236	179	0.865922	4.854197	821	0.286236	0.390000	0.404831	
822	0.296837	178	0.893258	4.854197	822	0.296837	0.403000	0.404828	
848	0.308962	152	0.848684	4.854197	848	0.308962	0.391000	0.404811	
831	0.308063	169	0.781065	4.854197	831	0.308063	0.388000	0.404790	
852	0.292254	148	0.817568	4.854197	852	0.292254	0.370000	0.404746	
854	0.333724	146	0.698630	4.854197	854	0.333724	0.387000	0.404724	
824	0.341019	176	0.784091	4.854197	824	0.341019	0.419000	0.404742	
834	0.296163	166	0.873494	4.854197	834	0.296163	0.392000	0.404726	
822	0.336983	178	0.865169	4.854197	822	0.336983	0.431000	0.404759	
813	0.316113	187	0.844920	4.854197	813	0.316113	0.415000	0.404771	
826	0.317191	174	0.833333	4.854197	826	0.317191	0.407000	0.404774	
816	0.314951	184	0.809783	4.854197	816	0.314951	0.406000	0.404776	
847	0.306966	153	0.823529	4.854197	847	0.306966	0.386000	0.404752	
819	0.302808	181	0.779006	4.854197	819	0.302808	0.389000	0.404733	
854	0.325527	146	0.842466	4.854197	854	0.325527	0.401000	0.404728	
815	0.292025	185	0.854054	4.854197	815	0.292025	0.396000	0.404717	
822	0.324818	178	0.831461	4.854197	822	0.324818	0.415000	0.404730	
828	0.317633	172	0.802326	4.854197	828	0.317633	0.401000	0.404725	
827	0.307134	173	0.861272	4.854197	827	0.307134	0.403000	0.404723	
826	0.302663	174	0.821839	4.854197	826	0.302663	0.393000	0.404709	
855	0.298246	145	0.751724	4.854197	855	0.298246	0.364000	0.404659	
840	0.321429	160	0.806250	4.854197	840	0.321429	0.399000	0.404652	
822	0.307786	178	0.837079	4.854197	822	0.307786	0.402000	0.404649	
810	0.293827	190	0.857895	4.854197	810	0.293827	0.401000	0.404644	
861	0.317073	139	0.827338	4.854197	861	0.317073	0.388000	0.404624	
848	0.290094	152	0.776316	4.854197	848	0.290094	0.364000	0.404574	
826	0.315981	174	0.752874	4.854197	826	0.315981	0.392000	0.404559	
855	0.307602	145	0.800000	4.854197	855	0.307602	0.379000	0.404528	
843	0.264531	157	0.770701	4.854197	843	0.264531	0.344000	0.404454	
835	0.328144	165	0.793939	4.854197	835	0.328144	0.405000	0.404454	
849	0.289753	151	0.847682	4.854197	849	0.289753	0.374000	0.404417	
830	0.312048	170	0.835294	4.854197	830	0.312048	0.401000	0.404413	
841	0.300832	159	0.861635	4.854197	841	0.300832	0.390000	0.404396	
858	0.296037	142	0.845070	4.854197	858	0.296037	0.374000	0.404359	
832	0.337740	168	0.869048	4.854197	832	0.337740	0.427000	0.404386	
839	0.307509	161	0.832298	4.854197	839	0.307509	0.392000	0.404371	
828	0.328502	172	0.813953	4.854197	828	0.328502	0.412000	0.404381	
818	0.287286	182	0.846154	4.854197	818	0.287286	0.389000	0.404362	
831	0.303249	169	0.792899	4.854197	831	0.303249	0.386000	0.404340	
860	0.308140	140	0.857143	4.854197	860	0.308140	0.385000	0.404317	
834	0.311751	166	0.843373	4.854197	834	0.311751	0.400000	0.404312	
833	0.300120	167	0.808383	4.854197	833	0.300120	0.385000	0.404288	
822	0.301703	178	0.719101	4.854197	822	0.301703	0.376000	0.404255	
810	0.304938	190	0.821053	4.854197	810	0.304938	0.403000	0.404253	
834	0.324940	166	0.813253	4.854197	834	0.324940	0.406000	0.404255	
827	0.324063	173	0.826590	4.854197	827	0.324063	0.411000	0.404263	
818	0.314181	182	0.829670	4.854197	818	0.314181	0.408000	0.404268	
847	0.304604	153	0.764706	4.854197	847	0.304604	0.375000	0.404233	
842	0.296912	158	0.803797	4.854197	842	0.296912	0.377000	0.404200	
841	0.310345	159	0.805031	4.854197	841	0.310345	0.389000	0.404182	
836	0.339713	164	0.725610	4.854197	836	0.339713	0.403000	0.404181	
826	0.346247	174	0.798851	4.854197	826	0.346247	0.425000	0.404206	
836	0.316986	164	0.853659	4.854197	836	0.316986	0.405000	0.404207	
837	0.299881	163	0.797546	4.854197	837	0.299881	0.381000	0.404179	
845	0.304142	155	0.812903	4.854197	845	0.304142	0.383000	0.404154	
839	0.319428	161	0.857143	4.854197	839	0.319428	0.406000	0.404156	
833	0.297719	167	0.772455	4.854197	833	0.297719	0.377000	0.404124	
839	0.303933	161	0.770186	4.854197	839	0.303933	0.379000	0.404095	
824	0.330097	176	0.806818	4.854197	824	0.330097	0.414000	0.404106	
860	0.310465	140	0.821429	4.854197	860	0.310465	0.382000	0.404081	
834	0.305755	166	0.813253	4.854197	834	0.305755	0.390000	0.404064	
805	0.289441	195	0.825641	4.854197	805	0.289441	0.394000	0.404052	
858	0.310023	142	0.838028	4.854197	858	0.310023	0.385000	0.404030	
839	0.318236	161	0.732919	4.854197	839	0.318236	0.385000	0.404008	
835	0.295808	165	0.824242	4.854197	835	0.295808	0.383000	0.403983	
846	0.289598	154	0.857143	4.854197	846	0.289598	0.377000	0.403952	
816	0.292892	184	0.826087	4.854197	816	0.292892	0.391000	0.403937	
837	0.270012	163	0.760736	4.854197	837	0.270012	0.350000	0.403874	
835	0.318563	165	0.818182	4.854197	835	0.318563	0.401000	0.403871	
812	0.293103	188	0.840426	4.854197	812	0.293103	0.396000	0.403861	
824	0.324029	176	0.823864	4.854197	824	0.324029	0.412000	0.403871	
845	0.321893	155	0.838710	4.854197	845	0.321893	0.402000	0.403869	
843	0.336892	157	0.859873	4.854197	843	0.336892	0.419000	0.403886	
824	0.322816	176	0.778409	4.854197	824	0.322816	0.403000	0.403885	
842	0.309976	158	0.797468	4.854197	842	0.309976	0.387000	0.403866	
817	0.317013	183	0.770492	4.854197	817	0.317013	0.400000	0.403861	
850	0.316471	150	0.860000	4.854197	850	0.316471	0.398000	0.403855	
831	0.327316	169	0.834320	4.854197	831	0.327316	0.413000	0.403865	
838	0.294749	162	0.808642	4.854197	838	0.294749	0.378000	0.403835	
839	0.325387	161	0.763975	4.854197	839	0.325387	0.396000	0.403826	
837	0.317802	163	0.809816	4.854197	837	0.317802	0.398000	0.403820	
838	0.298329	162	0.796296	4.854197	838	0.298329	0.379000	0.403791	
831	0.320096	169	0.822485	4.854197	831	0.320096	0.405000	0.403793	
831	0.288809	169	0.852071	4.854197	831	0.288809	0.384000	0.403770	
855	0.329825	145	0.813793	4.854197	855	0.329825	0.400000	0.403766	
844	0.318720	156	0.871795	4.854197	844	0.318720	0.405000	0.403767	
841	0.298454	159	0.855346	4.854197	841	0.298454	0.387000	0.403748	
857	0.311552	143	0.790210	4.854197	857	0.311552	0.380000	0.403721	
831	0.318893	169	0.804734	4.854197	831	0.318893	0.401000	0.403718	
870	0.305747	130	0.776923	4.854197	870	0.305747	0.367000	0.403676	
839	0.295590	161	0.857143	4.854197	839	0.295590	0.386000	0.403656	
814	0.363636	186	0.817204	4.854197	814	0.363636	0.448000	0.403707	
834	0.312950	166	0.795181	4.854197	834	0.312950	0.393000	0.403694	
857	0.287048	143	0.860140	4.854197	857	0.287048	0.369000	0.403655	
828	0.350242	172	0.843023	4.854197	828	0.350242	0.435000	0.403691	
841	0.326992	159	0.754717	4.854197	841	0.326992	0.395000	0.403681	
833	0.280912	167	0.820359	4.854197	833	0.280912	0.371000	0.403644	
826	0.303874	174	0.775862	4.854197	826	0.303874	0.386000	0.403624	
842	0.301663	158	0.803797	4.854197	842	0.301663	0.381000	0.403599	
827	0.332527	173	0.843931	4.854197	827	0.332527	0.421000	0.403618	
807	0.325898	193	0.834197	4.854197	807	0.325898	0.424000	0.403641	
843	0.304864	157	0.821656	4.854197	843	0.304864	0.386000	0.403621	
862	0.332947	138	0.869565	4.854197	862	0.332947	0.407000	0.403625	
831	0.287605	169	0.869822	4.854197	831	0.287605	0.386000	0.403606	
823	0.318348	177	0.847458	4.854197	823	0.318348	0.412000	0.403615	
837	0.317802	163	0.779141	4.854197	837	0.317802	0.393000	0.403603	
816	0.302696	184	0.847826	4.854197	816	0.302696	0.403000	0.403602	
823	0.365735	177	0.790960	4.854197	823	0.365735	0.441000	0.403644	
821	0.308161	179	0.798883	4.854197	821	0.308161	0.396000	0.403636	
835	0.342515	165	0.842424	4.854197	835	0.342515	0.425000	0.403659	
838	0.312649	162	0.839506	4.854197	838	0.312649	0.398000	0.403653	
839	0.294398	161	0.739130	4.854197	839	0.294398	0.366000	0.403611	
830	0.351807	170	0.811765	4.854197	830	0.351807	0.430000	0.403640	
844	0.311611	156	0.871795	4.854197	844	0.311611	0.399000	0.403635	
830	0.303614	170	0.800000	4.854197	830	0.303614	0.388000	0.403618	
836	0.332536	164	0.780488	4.854197	836	0.332536	0.406000	0.403621	
836	0.291866	164	0.768293	4.854197	836	0.291866	0.370000	0.403584	
815	0.301840	185	0.837838	4.854197	815	0.301840	0.401000	0.403581	
849	0.300353	151	0.880795	4.854197	849	0.300353	0.388000	0.403564	
855	0.309942	145	0.800000	4.854197	855	0.309942	0.381000	0.403539	
828	0.326087	172	0.808140	4.854197	828	0.326087	0.409000	0.403545	
830	0.322892	170	0.811765	4.854197	830	0.322892	0.406000	0.403548	
841	0.288942	159	0.823899	4.854197	841	0.288942	0.374000	0.403515	
824	0.321602	176	0.875000	4.854197	824	0.321602	0.419000	0.403532	
832	0.322115	168	0.791667	4.854197	832	0.322115	0.401000	0.403530	
834	0.317746	166	0.795181	4.854197	834	0.317746	0.397000	0.403522	
826	0.296610	174	0.833333	4.854197	826	0.296610	0.390000	0.403508	
831	0.316486	169	0.881657	4.854197	831	0.316486	0.412000	0.403517	
835	0.324551	165	0.818182	4.854197	835	0.324551	0.406000	0.403520	
835	0.316168	165	0.793939	4.854197	835	0.316168	0.395000	0.403510	
847	0.299882	153	0.784314	4.854197	847	0.299882	0.374000	0.403478	
807	0.332094	193	0.766839	4.854197	807	0.332094	0.416000	0.403492	
831	0.304452	169	0.816568	4.854197	831	0.304452	0.391000	0.403478	
833	0.334934	167	0.808383	4.854197	833	0.334934	0.414000	0.403490	
855	0.352047	145	0.889655	4.854197	855	0.352047	0.430000	0.403518	
834	0.300959	166	0.855422	4.854197	834	0.300959	0.393000	0.403507	
830	0.321687	170	0.800000	4.854197	830	0.321687	0.403000	0.403507	
817	0.280294	183	0.814208	4.854197	817	0.280294	0.378000	0.403479	
826	0.318402	174	0.816092	4.854197	826	0.318402	0.405000	0.403481	
818	0.325183	182	0.769231	4.854197	818	0.325183	0.406000	0.403483	
842	0.245843	158	0.835443	4.854197	842	0.245843	0.339000	0.403414	
810	0.302469	190	0.842105	4.854197	810	0.302469	0.405000	0.403416	
855	0.309942	145	0.744828	4.854197	855	0.309942	0.373000	0.403384	
832	0.284856	168	0.821429	4.854197	832	0.284856	0.375000	0.403353	
824	0.341019	176	0.789773	4.854197	824	0.341019	0.420000	0.403371	
855	0.319298	145	0.786207	4.854197	855	0.319298	0.387000	0.403354	
834	0.311751	166	0.795181	4.854197	834	0.311751	0.392000	0.403341	
861	0.314750	139	0.805755	4.854197	861	0.314750	0.383000	0.403320	
816	0.323529	184	0.820652	4.854197	816	0.323529	0.415000	0.403332	
832	0.329327	168	0.821429	4.854197	832	0.329327	0.412000	0.403341	
822	0.290754	178	0.764045	4.854197	822	0.290754	0.375000	0.403311	
841	0.319857	159	0.817610	4.854197	841	0.319857	0.399000	0.403307	
831	0.340554	169	0.834320	4.854197	831	0.340554	0.424000	0.403329	
846	0.306147	154	0.772727	4.854197	846	0.306147	0.378000	0.403302	
842	0.327791	158	0.772152	4.854197	842	0.327791	0.398000	0.403296	
840	0.314286	160	0.856250	4.854197	840	0.314286	0.401000	0.403294	
822	0.312652	178	0.808989	4.854197	822	0.312652	0.401000	0.403291	
832	0.284856	168	0.809524	4.854197	832	0.284856	0.373000	0.403260	
826	0.306295	174	0.839080	4.854197	826	0.306295	0.399000	0.403255	
848	0.294811	152	0.835526	4.854197	848	0.294811	0.377000	0.403228	
840	0.332143	160	0.806250	4.854197	840	0.332143	0.408000	0.403233	
858	0.296037	142	0.802817	4.854197	858	0.296037	0.368000	0.403196	
830	0.313253	170	0.888235	4.854197	830	0.313253	0.411000	0.403204	
833	0.300120	167	0.862275	4.854197	833	0.300120	0.394000	0.403194	
828	0.340580	172	0.848837	4.854197	828	0.340580	0.428000	0.403220	
832	0.312500	168	0.815476	4.854197	832	0.312500	0.397000	0.403214	
809	0.327565	191	0.806283	4.854197	809	0.327565	0.419000	0.403230	
849	0.295642	151	0.801325	4.854197	849	0.295642	0.372000	0.403197	
819	0.345543	181	0.745856	4.854197	819	0.345543	0.418000	0.403213	
821	0.294762	179	0.821229	4.854197	821	0.294762	0.389000	0.403198	
820	0.287805	180	0.816667	4.854197	820	0.287805	0.383000	0.403177	
832	0.318510	168	0.827381	4.854197	832	0.318510	0.404000	0.403178	
824	0.313107	176	0.789773	4.854197	824	0.313107	0.397000	0.403172	
805	0.318012	195	0.805128	4.854197	805	0.318012	0.413000	0.403182	
826	0.285714	174	0.798851	4.854197	826	0.285714	0.375000	0.403153	
809	0.309023	191	0.827225	4.854197	809	0.309023	0.408000	0.403158	
859	0.302678	141	0.815603	4.854197	859	0.302678	0.375000	0.403129	
835	0.328144	165	0.818182	4.854197	835	0.328144	0.409000	0.403135	
846	0.286052	154	0.831169	4.854197	846	0.286052	0.370000	0.403101	
860	0.301163	140	0.785714	4.854197	860	0.301163	0.369000	0.403065	
840	0.321429	160	0.818750	4.854197	840	0.321429	0.401000	0.403063	
841	0.311534	159	0.836478	4.854197	841	0.311534	0.395000	0.403055	
825	0.335758	175	0.851429	4.854197	825	0.335758	0.426000	0.403079	
845	0.327811	155	0.767742	4.854197	845	0.327811	0.396000	0.403071	
846	0.325059	154	0.850649	4.854197	846	0.325059	0.406000	0.403074	
845	0.284024	155	0.806452	4.854197	845	0.284024	0.365000	0.403035	
842	0.309976	158	0.886076	4.854197	842	0.309976	0.401000	0.403033	
812	0.317734	188	0.872340	4.854197	812	0.317734	0.422000	0.403053	
857	0.316219	143	0.874126	4.854197	857	0.316219	0.396000	0.403045	
828	0.334541	172	0.843023	4.854197	828	0.334541	0.422000	0.403065	
832	0.316106	168	0.833333	4.854197	832	0.316106	0.403000	0.403065	
815	0.314110	185	0.789189	4.854197	815	0.314110	0.402000	0.403064	
826	0.312349	174	0.810345	4.854197	826	0.312349	0.399000	0.403059	
818	0.310513	182	0.818681	4.854197	818	0.310513	0.403000	0.403059	
835	0.317365	165	0.830303	4.854197	835	0.317365	0.402000	0.403058	
818	0.314181	182	0.857143	4.854197	818	0.314181	0.413000	0.403068	
854	0.304450	146	0.835616	4.854197	854	0.304450	0.382000	0.403047	
842	0.327791	158	0.873418	4.854197	842	0.327791	0.414000	0.403058	
843	0.321471	157	0.815287	4.854197	843	0.321471	0.399000	0.403054	
842	0.327791	158	0.778481	4.854197	842	0.327791	0.399000	0.403050	
803	0.316314	197	0.842640	4.854197	803	0.316314	0.420000	0.403067	
821	0.319123	179	0.804469	4.854197	821	0.319123	0.406000	0.403070	
827	0.320435	173	0.843931	4.854197	827	0.320435	0.411000	0.403078	
829	0.343788	171	0.766082	4.854197	829	0.343788	0.416000	0.403091	
826	0.309927	174	0.827586	4.854197	826	0.309927	0.400000	0.403088	
817	0.310894	183	0.852459	4.854197	817	0.310894	0.410000	0.403095	
830	0.337349	170	0.882353	4.854197	830	0.337349	0.430000	0.403122	
829	0.329312	171	0.807018	4.854197	829	0.329312	0.411000	0.403130	
829	0.335344	171	0.766082	4.854197	829	0.335344	0.409000	0.403135	
833	0.302521	167	0.790419	4.854197	833	0.302521	0.384000	0.403116	
824	0.313107	176	0.806818	4.854197	824	0.313107	0.400000	0.403113	
840	0.295238	160	0.868750	4.854197	840	0.295238	0.387000	0.403097	
851	0.292597	149	0.744966	4.854197	851	0.292597	0.360000	0.403054	
821	0.306943	179	0.815642	4.854197	821	0.306943	0.398000	0.403049	
844	0.330569	156	0.775641	4.854197	844	0.330569	0.400000	0.403046	
851	0.320799	149	0.852349	4.854197	851	0.320799	0.400000	0.403043	
853	0.308324	147	0.816327	4.854197	853	0.308324	0.383000	0.403023	
802	0.274314	198	0.803030	4.854197	802	0.274314	0.379000	0.403000	
